107
52
165
191
64
92
173
38
138
60
29
72
81
188
57
191
142
171
153
66
112
70
118
162
84
152
113
101
107
39
68
165
90
33
155
105
76
80
142
13
139
170
37
171
157
45
161
50
15
66
115
127
87
184
40
170
136
153
22
194
191
90
110
32
74
65
136
149
96
78
114
34
199
150
156
156
194
69
157
161
134
24
87
172
159
78
141
46
182
162
191
124
51
101
155
76
165
43
25
60
120
90
45
70
39
152
177
184
20
134
144
105
157
182
76
67
12
168
113
193
130
103
69
132
3
175
8
119
17
184
178
88
73
174
158
63
126
134
198
97
19
142
154
127
75
181
194
86
149
106
31
30
160
99
161
163
25
120
81
42
103
11
81
127
184
190
141
109
124
139
158
94
32
111
21
106
91
14
192
39
71
22
68
30
72
181
144
96
100
25
89
155
187
170
33
170
111
174
31
34
64
188
80
95
50
100
152
140
65
143
131
87
116
150
116
187
82
12
35
134
188
123
88
174
44
120
143
155
45
125
140
60
64
19
154
113
70
106
5
134
200
135
20
116
36
88
54
70
51
88
3
38
163
90
11
6
161
105
112
158
30
4
17
93
22
123
6
44
180
162
129
179
48
101
46
83
188
100
152
190
187
154
27
149
195
37
107
108
93
18
65
122
21
81
167
195
155
124
38
134
85
118
113
132
18
110
166
157
9
70
146
196
23
172
96
170
160
2
77
53
172
141
126
144
173
92
90
128
167
79
13
51
197
125
134
14
187
100
171
195
169
116
142
143
40
38
64
199
191
140
3
114
32
129
58
5
172
147
84
139
26
96
141
22
173
27
35
159
126
157
153
46
73
47
140
112
84
4
62
26
143
17
140
175
145
197
131
68
95
14
158
120
61
51
93
33
77
80
191
154
36
96
199
108
142
138
171
177
141
185
2
84
1
93
10
97
41
140
164
136
105
74
7
165
124
52
150
152
131
140
105
166
187
103
26
80
192
148
8
85
132
162
120
132
54
129
28
95
20
144
182
124
169
188
40
44
39
189
195
121
81
99
87
19
153
64
99
96
11
106
180
143
67
99
26
73
179
54
167
198
149
148
73
117
87
113
160
78
101
154
198
133
4
36
152
108
99
50
155
62
107
135
4
126
185
29
198
164
34
116
161
182
15
186
98
101
98
9
130
150
114
80
35
117
115
186
176
166
187
131
27
93
17
30
170
153
10
167
116
196
34
29
177
48
14
27
101
63
187
30
164
101
109
198
17
176
183
145
141
121
27
119
166
195
100
135
147
109
54
63
104
87
43
33
135
8
11
35
70
197
16
185
97
125
183
66
52
117
162
144
38
188
62
3
182
161
89
80
21
142
94
125
29
136
109
163
143
71
197
164
67
12
101
116
88
35
133
91
151
94
34
140
81
95
94
14
55
183
45
76
124
139
152
152
74
12
66
169
82
14
84
100
178
136
15
65
170
147
108
73
192
141
12
24
188
58
37
194
40
82
21
115
172
172
19
197
135
84
165
168
98
1
68
75
136
34
91
58
133
150
130
124
91
93
148
30
150
136
23
141
169
44
56
140
167
26
137
54
61
53
21
158
5
88
184
141
122
27
198
6
128
79
129
170
171
28
199
121
164
22
61
84
17
68
24
183
93
112
36
154
164
9
63
169
96
199
61
169
177
10
174
104
88
55
74
58
82
24
130
197
45
143
81
13
10
56
148
55
167
135
160
82
143
174
2
39
172
14
159
100
23
85
156
62
91
181
72
124
4
1
121
1
143
153
13
105
8
160
159
126
95
118
159
37
91
161
27
15
174
138
66
149
22
21
10
64
1
33
187
5
34
59
157
128
11
169
32
170
129
142
47
175
59
6
11
102
166
190
68
91
127
133
39
100
106
1
163
58
33
149
62
18
8
170
98
170
139
129
140
19
71
186
193
81
143
155
134
108
144
1
151
22
86
189
121
191
141
35
48
126
184
62
95
143
31
192
64
121
121
155
139
143
93
131
23
35
86
109
95
181
109
45
3
146
185
123
88
126
158
136
3
93
149
97
187
131
41
50
52
113
157
190
55
49
73
29
83
158
89
177
138
198
21
140
95
6
15
183
83
124
70
37
16
18
85
154
100
125
155
151
37
111
93
43
159
165
24
42
122
112
170
11
61
191
103
156
148
117
90
182
40
159
18
7
176
102
112
75
179
66
178
167
177
70
162
135
34
137
128
107
200
98
117
61
40
171
168
187
87
9
168
78
167
137
36
94
38
147
120
168
