1586
1724
1302
474
1504
160
1630
1831
1087
623
799
1829
1030
1694
1505
1826
1593
899
873
1547
1896
725
1227
724
929
355
1114
468
1508
542
1691
1446
617
993
271
120
1504
1900
302
590
522
1100
771
1904
1145
627
1729
737
1525
953
283
1773
1677
1861
848
605
216
1961
1072
75
502
763
1520
1470
107
1790
1589
1610
42
1891
552
563
1342
1674
818
487
300
899
1223
176
1851
1858
1948
1528
1718
1147
132
285
1107
1204
712
1960
318
231
1429
424
373
1370
385
414
1260
1288
1328
601
961
498
1439
1612
1396
1014
1788
1246
871
87
773
940
1234
1257
1577
692
812
288
652
1129
870
432
1552
1242
1801
288
7
1412
1576
1687
365
888
184
1803
500
1579
816
639
824
38
1077
1949
978
310
1205
554
1354
16
841
357
1496
1710
788
1399
1304
941
1686
1662
704
1261
1348
1068
501
1531
871
1000
1109
38
1638
285
76
714
233
1053
1376
1789
1958
1081
156
1150
1437
1651
1211
576
1049
866
1868
1086
528
572
699
1875
1639
1199
1406
861
550
866
899
539
1150
974
1604
1734
378
979
1522
687
59
29
1836
1847
31
1398
423
1431
264
290
517
791
1213
1215
665
852
765
422
64
1314
1288
962
1852
789
287
1455
523
1016
786
396
1702
1196
777
1889
1043
807
1287
1817
238
1550
458
754
340
1671
320
1356
874
1436
130
937
749
1769
251
952
557
889
406
1431
257
1543
179
310
739
955
199
133
1761
1485
301
1998
1386
758
1103
77
780
1774
1784
1653
1209
1913
942
1957
1681
1192
1260
590
432
18
20
688
1560
198
998
650
1504
1196
1134
1265
1032
1434
1614
769
544
717
1197
1675
490
980
1680
51
1245
621
359
925
164
1619
1866
595
1636
1886
1635
1547
435
632
197
1939
179
1682
1555
1562
1468
1168
682
363
236
1878
37
1078
857
1716
1128
101
336
1838
1378
499
1456
1243
1446
1443
1480
1080
990
267
63
1538
557
241
1219
111
154
686
1630
835
1048
218
712
1437
1295
1920
1152
774
373
1840
611
1750
338
419
1344
135
1861
1176
1214
850
1442
1276
739
1998
1868
1958
460
21
995
89
855
395
306
1918
1831
1952
1838
1334
1077
210
1173
40
311
1863
458
6
1997
670
1181
1563
1872
974
1190
610
1323
1410
567
1782
1430
1914
1871
637
308
528
906
490
832
743
1823
1908
1304
1348
1947
1966
1210
756
1972
1558
1426
1504
1472
1649
478
662
258
152
423
1177
1934
1852
1090
156
840
1749
683
98
590
1866
1192
764
1774
496
111
72
813
1672
1180
1136
1230
957
640
701
605
1469
1714
862
1620
136
38
1905
340
1479
60
1531
1579
1095
1628
168
960
820
932
1085
1667
1394
1157
479
1066
688
1615
295
1644
606
1347
600
74
1413
1813
45
1548
1851
1950
239
1681
361
1770
1260
1455
1749
1427
415
568
710
1499
234
104
1007
1065
1169
1694
679
1815
1689
1284
1161
288
1709
573
101
105
473
303
406
711
335
767
832
1594
221
581
1373
987
1148
82
486
1734
185
1844
798
1353
1538
1828
1519
1578
1463
680
218
1523
1604
670
1627
428
972
385
1491
1306
1151
322
1252
1371
1254
624
358
754
705
1195
839
1242
1038
1988
946
927
1815
465
505
1629
1496
722
1151
1451
1743
1129
1879
714
1513
1721
371
1015
394
1974
386
1648
597
1095
401
1654
289
1239
1247
1678
1226
192
605
1392
656
1461
1020
503
534
522
1954
276
2
184
1341
1867
1904
63
1233
297
37
1970
1944
985
1064
696
990
1704
286
236
1734
1863
428
338
1254
1435
150
625
1938
683
1498
1891
1310
1852
74
650
70
1977
712
1302
625
1100
1272
569
85
335
1616
1426
391
1902
1662
124
1764
89
813
1370
1523
962
346
1812
1996
1844
1702
1305
47
127
306
116
103
1369
1417
1080
821
688
1648
905
1375
1615
682
117
1516
343
240
1632
783
1404
1001
658
717
1346
469
712
1541
171
368
1587
649
1025
1702
1104
393
1471
183
1213
510
1830
469
1884
1444
1151
352
1312
1845
943
943
628
346
295
1285
1062
1640
1753
125
1533
275
492
1119
924
1516
1173
27
261
643
209
1825
1152
390
646
1388
185
1796
1739
1848
1992
682
790
619
1379
1436
255
441
1428
8
565
960
634
1409
430
1557
924
1602
1935
1536
244
495
1361
1748
884
6
1135
1421
153
873
1268
144
1906
410
1115
1285
1845
1369
77
1272
1728
641
583
362
49
1013
270
1325
614
557
860
1210
1051
572
957
287
577
91
1707
1081
1315
1326
1577
1221
1735
691
857
1932
59
933
1555
139
1925
138
500
1974
1150
1121
1650
1763
1677
509
972
728
1081
280
1366
9
370
1424
1090
1685
749
666
1257
836
1708
465
767
118
1397
321
256
1321
458
755
1646
1959
1876
1295
74
1552
156
1397
631
1236
1677
1996
1596
46
1419
1037
82
520
54
1690
1355
1761
154
473
1879
1902
793
134
1223
1603
1241
1220
1913
1468
515
1986
1371
670
1383
2
257
1411
349
1852
1456
120
1241
1890
639
1294
1579
345
1055
85
817
933
1986
1961
1418
1560
1915
658
780
1828
477
1646
165
1848
667
1899
1849
923
1309
549
1126
1117
668
366
1006
1658
1660
936
354
1066
1372
1170
350
1358
1483
1767
1269
1749
777
400
1928
1253
45
93
1100
711
343
1300
1985
1652
201
1463
1120
1220
180
477
878
191
1412
1231
1256
784
753
1605
493
587
1724
1761
335
500
161
263
104
557
707
1204
1620
1049
855
1956
1052
1055
1770
171
275
1950
647
1504
492
411
734
1748
1546
1838
1704
38
776
1427
150
1111
278
662
1725
382
1571
431
1937
1190
1479
791
1145
531
1846
915
1053
472
1216
1700
1975
1707
462
1060
1806
7
898
1510
396
1673
1288
897
1135
1918
1559
859
299
1129
1289
587
670
1120
1377
166
2
1574
1432
1054
45
647
1105
371
706
1566
1431
511
1572
680
372
319
704
1660
1216
1839
1577
774
697
227
254
338
813
1275
1457
541
1440
1810
467
872
863
863
1870
320
1234
575
1885
664
1086
1809
1695
1457
127
398
1468
1342
236
1396
467
1285
1622
1072
1622
786
346
1430
1679
138
1239
145
1009
453
1359
878
772
592
1453
657
1607
890
817
1301
346
943
1699
1814
637
286
1561
1455
1570
1183
879
1543
320
1224
972
1998
1361
210
494
721
663
205
1599
1786
1148
1403
442
755
292
1258
407
989
553
457
1154
1541
1095
715
995
664
1897
1873
207
568
1449
1530
918
1161
1740
1411
234
754
1615
1832
539
763
1586
1333
1869
1877
942
627
865
1846
1436
19
1386
530
733
733
1545
981
957
103
1900
405
1633
817
1918
1724
228
151
829
194
334
1719
1308
271
1403
1528
147
345
507
1363
190
1942
1733
1928
823
817
660
719
149
1616
822
49
373
806
865
642
881
1444
1144
61
1990
1829
1779
1297
99
1182
1177
597
1878
1683
1959
419
1624
44
346
798
1212
1357
1868
1361
1325
1041
1761
49
1846
625
690
1078
421
1833
1138
410
13
917
58
111
450
1234
707
679
916
665
1097
891
1060
1795
40
272
1503
1908
1984
827
948
1744
875
1146
368
1916
223
1140
100
1361
1901
112
629
1959
222
1430
1544
928
108
460
1945
1556
1702
1356
1702
1742
1627
1557
1
1610
383
948
1353
1610
93
73
1877
668
1564
1977
380
1465
440
1008
1423
1014
789
966
293
1248
1777
237
1155
1831
1945
857
1924
1571
413
1924
1533
1147
871
1237
1108
1316
1661
985
1983
1225
1313
714
689
104
1721
463
1117
861
1780
1410
460
1909
1998
1614
1739
1942
822
1662
1865
1586
1585
1397
1085
807
985
192
474
646
1528
808
222
840
1521
910
1296
1593
1724
412
805
1503
1821
1264
1411
171
878
1501
112
1699
1162
1976
1637
1098
1724
721
257
1061
912
730
1706
792
1890
1927
1983
1410
1188
1278
1355
1263
1690
159
765
1862
1423
528
32
652
28
144
350
1542
471
338
639
547
1058
895
1607
322
1977
1664
1113
1866
1942
1095
1627
1481
373
1333
743
414
1492
1859
275
1266
738
307
1917
766
802
618
659
1272
956
1649
170
13
544
1776
334
872
1791
1798
1089
84
893
715
1564
1617
400
658
30
1891
517
304
1156
1254
610
1072
371
1411
1689
1381
1035
996
1030
1204
1009
1573
1332
1694
796
1474
1844
1884
1558
736
950
1473
704
1349
131
733
1591
999
1388
746
604
1998
169
1327
1760
210
707
1146
1205
1736
350
565
1660
33
611
455
1506
454
690
1415
1541
1992
888
244
1692
1370
1328
1283
720
715
380
1323
712
549
649
824
1110
1708
1969
314
1443
670
1231
1455
702
1841
261
560
646
951
326
186
1294
1213
781
985
934
108
267
1653
822
999
1328
1886
1899
328
1061
1008
35
1029
1673
1830
51
903
1284
1104
1095
1544
1663
1740
846
1989
1925
139
1553
705
1124
839
1164
1742
843
1986
740
522
223
638
850
1283
1645
1236
663
1670
1417
713
572
700
1817
1667
596
1831
1758
1793
171
1683
1932
76
739
1407
1266
255
1500
108
240
240
982
462
1229
183
96
1226
1418
758
895
835
1823
1818
1886
1991
1836
833
173
1594
978
344
1628
909
771
718
667
36
972
166
495
1563
757
1476
376
338
1658
471
1563
1428
1581
809
614
1403
626
851
1393
814
36
1565
759
1013
260
386
273
1030
1455
1291
1417
427
1808
264
1989
565
91
717
1254
101
1187
1168
1528
767
1976
493
521
953
1695
265
118
1730
1830
876
1094
441
1613
1366
1823
1068
1008
1239
1494
816
1854
1834
1732
1945
550
985
45
89
152
1924
1207
127
768
1728
1431
462
1992
1549
544
173
424
1637
614
37
1355
436
1456
362
26
1301
1177
1880
1134
908
176
36
244
220
476
395
495
1682
873
1262
1761
656
1723
1753
204
618
277
979
255
1242
1367
1961
1677
822
322
55
122
1851
286
1608
758
461
1643
1002
1032
470
1748
1526
151
621
1139
1912
1628
1213
16
1831
1831
292
1161
437
1534
528
397
1562
1349
718
1968
1471
568
605
1078
1678
1065
1072
1031
448
1541
778
1973
43
1750
1463
1954
1377
676
321
1559
506
965
720
942
850
1247
1690
763
595
407
1083
417
1327
1687
1494
1004
752
917
34
1199
457
1163
1524
500
913
1338
805
641
13
1478
200
870
794
919
163
1643
165
1852
757
1111
611
1839
1528
1937
1526
1373
940
629
290
1325
1827
1098
487
1702
1949
1751
1392
1106
392
1404
583
591
626
1376
1861
788
1370
25
640
126
1487
1250
317
1014
1538
1842
739
829
470
1028
153
648
477
991
702
426
742
93
1531
1485
1496
465
427
121
192
287
1261
1561
663
252
38
149
1853
354
1515
1390
195
253
218
1016
1632
722
1664
108
64
717
885
805
809
415
641
656
879
1067
1129
1070
1353
389
982
15
992
1020
516
844
1725
30
233
272
634
802
1287
265
1875
1302
724
1938
18
1609
1095
1178
375
1735
1834
1254
1154
962
675
506
1702
9
873
693
1380
1388
1536
1104
1417
120
1375
402
1273
1014
1018
1147
667
1741
1436
1037
1701
530
214
76
617
47
1681
1770
1360
707
275
1061
715
1499
1753
94
886
1640
1550
654
1759
1276
1055
1383
641
72
529
1308
165
1965
344
1865
846
909
292
1462
1308
324
1583
667
1031
210
80
97
1708
184
543
594
1824
92
1599
1934
1367
654
1669
8
725
197
1667
1241
513
362
1106
1711
1270
1749
1524
929
73
1107
1596
1455
1668
27
1903
1375
210
445
320
385
536
1919
671
255
924
339
614
1648
887
280
1241
1752
993
698
1462
262
446
1337
1191
870
443
1138
324
462
1516
227
1837
1725
1023
508
462
1911
426
1484
165
1349
1822
1130
1349
1060
1409
589
811
401
1286
624
1014
83
1961
556
953
755
45
1628
1217
1560
206
1405
1637
1229
1912
450
1139
690
1933
1655
390
1754
784
1738
813
544
678
1976
1296
315
599
309
750
911
1217
1702
1666
1613
1329
1234
1173
1535
638
1161
1115
901
1610
253
1590
1542
1907
1980
1647
690
69
811
1233
1099
786
528
1413
1737
1188
162
647
756
215
664
369
1896
249
1893
1782
886
1053
896
139
1014
1148
1728
555
1406
1707
201
95
128
1363
1679
1226
149
558
990
1885
97
1504
883
853
1718
1899
1573
1613
147
1465
1746
1385
869
641
1523
1882
1788
1602
788
1545
1661
1340
1639
1788
702
1669
1013
1202
578
354
1086
675
1857
321
1879
1927
571
1451
1891
717
1267
1637
453
487
277
1975
368
417
1577
1507
1961
1237
846
1952
1376
1899
1620
740
1101
198
1093
538
1224
1302
858
1102
1228
1428
904
1118
497
170
754
949
656
1383
1276
1375
1799
852
881
111
440
78
62
1815
1976
34
554
1076
583
1998
1614
158
1299
823
1259
526
603
514
1996
1099
1035
1101
399
42
483
1674
1768
633
525
648
744
1316
1077
1157
1130
1404
1542
35
832
124
33
445
281
1331
1619
1891
209
221
404
204
1671
1790
1304
70
1831
139
1743
1598
771
620
597
1866
1935
25
1023
1417
1429
564
1451
260
1040
1835
1056
1672
1518
1026
1563
1726
1247
318
281
1269
460
1584
1690
290
74
1433
240
845
404
836
710
338
861
84
106
641
1000
1557
900
391
1743
307
62
1260
1332
1976
1337
930
646
1969
199
1105
1553
1888
1394
1978
1672
1633
822
75
821
1884
765
33
319
870
673
1318
778
1924
1708
521
230
122
132
1561
97
1821
491
742
1789
1041
1846
1693
1280
1592
1671
1304
1576
844
1730
396
727
494
780
1046
1364
1452
715
493
1375
775
1365
1604
896
1497
1517
992
1669
359
86
1457
1751
283
1502
1382
1874
1172
685
1802
15
415
549
1094
1260
1329
139
975
780
1205
1468
507
1979
832
462
874
680
1978
218
348
688
303
157
438
585
1658
172
811
1181
856
612
1195
1622
1160
640
882
488
1130
208
1620
335
1675
478
313
859
939
1539
1538
1269
1756
238
1956
410
746
746
994
403
1269
156
1583
124
767
1129
98
279
1769
1331
1118
898
1538
737
1584
1565
1214
1897
423
505
1787
312
1773
1542
901
80
1951
1646
1177
1296
400
445
1804
1982
921
922
1463
1018
1200
1583
700
318
832
237
1406
416
153
620
664
927
1476
450
1239
1248
343
491
1327
645
137
856
292
536
1300
95
870
572
1017
684
1941
216
266
640
885
1097
1229
291
1864
1381
1262
527
308
737
1328
1898
336
1670
740
14
314
876
869
606
1764
521
1052
985
1092
68
1668
1033
636
285
1672
1520
1733
900
162
1597
633
1423
475
940
511
1803
1189
846
1824
1928
860
490
1156
1728
1095
1271
248
146
255
1692
566
274
724
1201
910
747
1072
642
1647
1234
590
631
656
1065
1570
1519
1219
1110
364
1042
1037
1223
1883
544
1303
977
1814
1902
1475
420
1593
392
693
668
1592
1602
1415
663
596
1413
248
1185
43
1256
601
1964
774
1819
1073
1137
1213
461
712
1095
1005
366
424
818
619
250
1238
212
641
282
1231
584
1884
645
1598
479
57
1846
15
99
1101
616
62
226
786
1486
1714
350
1947
425
1797
951
1142
220
1768
1761
821
1357
324
1461
1639
1554
44
1874
199
1641
704
607
1838
718
1058
938
1685
1471
1163
471
957
877
1172
903
1653
968
205
795
1539
1972
907
359
1681
1230
171
1319
1135
566
1544
1333
207
247
292
396
1316
1349
1334
1001
819
848
1823
1775
76
994
1029
1729
1962
1233
875
1500
1557
133
211
1237
1362
381
907
496
1299
450
181
1857
1048
824
252
363
172
1585
1363
1342
785
1185
1469
860
179
497
940
492
1730
166
343
1638
298
905
874
11
1638
132
859
936
933
1391
792
1980
214
1043
342
385
980
1705
78
1764
1241
1546
975
1771
43
267
262
124
432
957
1761
730
1861
986
1092
1498
1117
1950
433
49
1340
1224
28
1553
619
721
289
1598
425
367
1713
18
1912
687
1788
306
953
402
429
1737
1358
541
466
1218
1526
1557
1068
994
1859
1500
1394
1198
1076
1421
1103
1694
494
1391
1291
1270
109
1003
1287
21
41
1075
326
1346
1828
1107
1082
1185
1647
1899
754
1173
1807
1821
518
1665
1321
1912
1215
396
1684
317
89
177
59
1731
1447
168
1085
733
540
1125
159
1217
822
1986
323
255
1522
322
505
276
1494
312
96
11
328
1768
274
1542
515
1958
210
955
134
269
1037
1580
788
121
665
1327
1598
823
895
771
809
1570
1026
682
1891
1530
957
1384
193
1405
1746
521
1524
20
62
391
329
624
1697
462
892
734
394
31
854
1058
1357
803
1880
603
1574
1040
172
951
1722
62
480
1030
1797
673
434
1543
1545
310
1914
1606
700
242
581
396
1055
1472
1481
1448
1502
335
505
1210
1489
737
1813
1062
1776
1984
12
1849
398
844
879
194
1868
1664
88
1412
1973
353
1369
1024
946
1950
1772
1
1773
1252
1448
1275
1938
1953
836
1779
689
1000
840
816
1336
1204
665
1733
399
1895
1926
266
1910
366
1677
235
718
1397
1258
1664
1346
1381
1664
1119
985
1463
745
922
1767
1932
700
807
932
1892
1623
267
1447
639
351
1845
885
628
462
794
993
490
1028
63
1886
638
1726
1232
18
1741
702
1002
1203
1446
276
970
1377
1327
1776
660
1570
1750
1278
1016
740
1628
1212
1624
608
1673
418
1952
162
1797
14
48
434
91
1631
804
1831
332
1805
1386
1777
432
707
1505
1759
834
165
1328
584
1794
696
1675
1422
1907
1299
381
1932
68
332
93
1864
698
492
298
788
122
1101
971
453
1257
708
581
41
1414
438
151
247
602
1830
1182
395
525
857
168
784
507
900
715
574
1232
807
437
1929
1299
1086
1068
1772
538
390
225
1795
1097
1157
1835
510
1594
337
1109
547
166
642
1294
691
1850
1813
1474
356
713
188
1281
1944
1346
70
224
996
1155
1643
768
1693
33
1344
1839
1129
500
25
1991
446
361
1451
992
526
92
637
1568
294
450
1041
1001
1162
1580
282
1457
1278
351
32
273
1857
1674
1040
1549
58
383
1387
1187
1235
1411
1529
1680
123
979
1023
649
1070
1660
216
1715
461
1609
716
1622
1188
997
1078
817
1699
1461
1090
1555
1134
481
1456
1544
1216
842
730
450
605
258
481
727
1588
1855
1727
657
1866
1943
372
326
1551
1439
1947
1090
435
1376
1907
485
1188
1348
39
674
1828
1846
217
1043
1040
1298
1844
1996
1555
676
722
1494
531
801
502
396
743
873
1074
645
663
1372
86
1097
1100
344
1933
287
1691
324
960
1871
169
1176
913
1208
473
1109
1203
379
1784
277
1872
314
1077
374
1062
171
1598
135
1167
261
1858
1604
1709
957
300
1994
1244
342
317
555
212
837
1731
1477
45
555
585
1599
1286
368
227
1157
1034
1655
1882
447
177
1832
933
1695
444
790
1299
152
1747
1598
497
1342
1939
813
1896
503
1650
1978
1979
46
533
915
1996
1818
1282
575
1326
667
229
1208
1113
758
1391
45
452
1834
835
1750
337
933
1699
834
274
1638
1998
169
492
1647
147
470
44
1031
1384
392
848
1017
966
173
36
1194
1732
1148
1951
1122
1193
755
1307
379
504
1644
1311
203
477
1584
192
474
1752
1035
473
250
1504
868
1280
1239
1259
479
607
224
1004
642
1770
735
142
72
209
1334
826
1515
1712
1330
1510
1022
1884
1986
957
427
812
1060
1461
1284
1310
1316
151
941
906
1762
1420
1512
1985
423
506
1754
1509
647
1826
1717
332
651
1584
395
332
1093
1416
567
1431
724
993
242
1783
453
1877
1092
120
379
33
1025
140
1452
889
477
226
1394
230
1734
392
407
1451
723
1410
1386
1117
1741
830
884
660
260
1607
1652
853
1741
457
1081
833
576
1812
1217
1953
1951
1020
841
427
1245
586
1009
978
977
1767
780
51
1176
517
1519
1269
1347
402
1928
1958
360
1579
811
100
387
243
1284
963
54
852
1267
357
223
107
783
1467
692
143
797
20
1910
1928
70
1085
445
1588
353
143
341
632
100
1052
211
1262
1503
597
1505
787
1911
1558
1990
1177
1914
213
1635
1049
31
678
1191
1179
697
1452
1459
766
889
1903
705
1241
45
1397
1873
496
448
435
1758
1951
1383
1262
1089
1646
1171
1430
1174
1437
1642
1161
485
25
1838
27
1555
535
1479
1013
1652
367
1267
357
1959
1663
105
183
159
553
969
268
855
704
1529
1943
349
1051
1372
1874
487
1366
1034
971
1742
872
1350
1296
1758
828
661
1409
1546
1927
117
1856
1590
222
391
100
1126
1359
367
1980
62
247
1922
762
1297
1645
988
1784
1010
21
1106
1103
1244
455
751
1001
1634
1411
410
1179
1337
526
1387
1278
1099
1777
1377
224
1135
95
203
1549
341
476
310
1638
121
1297
1421
1482
1670
878
585
913
1333
1335
1914
966
1097
675
497
433
1552
1883
63
651
1659
1791
1226
1145
1886
1429
693
226
256
1355
1863
376
1003
1635
210
1024
513
1146
1937
197
832
202
1514
1928
1228
10
712
779
244
774
1781
1902
565
1007
1399
450
787
91
1027
1042
1797
890
1770
1152
876
1979
175
1740
1124
463
1936
1955
1016
1802
234
243
1811
945
1022
55
1719
802
308
635
1808
1706
1436
946
149
462
1988
297
1703
1757
1448
579
87
1623
670
1210
437
958
1516
1453
759
1749
1695
569
1045
716
975
1115
1870
1283
1749
29
1340
1184
975
1488
1998
1314
1785
1700
1422
1584
630
1508
1558
1300
717
1995
609
584
1447
1367
684
1493
287
1728
561
1262
843
430
896
591
810
235
127
1784
75
124
1449
211
175
870
1794
805
377
1352
104
1445
1698
1064
28
1496
430
1063
988
716
791
1548
329
1633
329
1576
575
1139
163
1053
1274
237
1528
723
447
1703
1592
592
507
321
1943
962
1765
1992
25
145
1487
806
1207
475
1873
1997
374
202
1981
1055
129
908
545
291
1960
170
527
1488
892
1325
1542
836
269
48
1508
211
1361
1272
555
1737
1768
41
542
975
867
414
1323
1593
967
1304
647
1096
211
1543
1386
522
1712
265
361
956
1941
1902
143
209
1949
1650
772
1661
1273
1326
1397
1041
1718
1938
367
585
704
1689
177
1670
1344
1175
1117
1906
717
855
428
428
1471
788
1383
1763
1042
1525
1972
990
1526
1095
1003
799
772
399
191
489
689
557
1425
1744
597
1601
1765
1941
1127
882
1846
1843
88
625
271
1558
1765
5
1320
806
1882
1643
147
1407
1089
1149
205
1860
1900
747
701
940
1303
477
683
1900
78
799
192
1556
32
37
1399
119
1014
21
1676
778
25
996
1583
1906
990
81
1665
79
1230
221
1938
1481
968
990
420
270
1467
1454
521
1896
604
712
1451
636
1101
1201
754
114
1221
430
891
1598
1777
825
1503
1118
905
1519
1196
486
1740
1486
318
707
475
1089
976
293
894
1849
188
1498
560
1991
133
1660
1191
1238
1773
764
1667
1015
361
1795
191
215
913
1448
1734
460
1933
1473
1945
603
179
772
1691
1506
1064
585
1706
1604
82
266
1594
566
277
1136
1803
50
1899
1822
1416
611
1968
1607
1178
880
1406
911
1340
1690
735
1636
292
1265
407
1983
1122
1471
567
828
1074
1000
1093
1019
1565
1369
506
1367
1770
757
1540
1538
1367
1508
1496
544
387
901
1806
78
590
540
1714
882
1804
472
864
926
1942
1782
1753
1367
781
1197
385
345
917
891
63
687
1647
1955
224
1365
1462
1719
1909
200
971
1714
278
1560
606
343
441
409
814
1656
1686
1108
1437
1790
474
569
986
1211
913
1903
101
1328
941
99
1282
1516
1463
743
1586
1723
1294
556
1789
1923
115
394
617
908
1154
1431
563
840
890
352
981
1363
920
319
573
185
573
1025
1864
1513
1475
1145
1028
1290
239
965
1012
1884
1520
800
1807
1986
1545
423
893
699
205
1808
1890
1094
159
1222
809
1430
1540
1733
1614
112
1110
1477
1976
584
973
1355
1873
1563
319
1237
1447
1838
388
1253
1824
1933
27
1068
983
232
875
1224
1325
1385
445
485
815
1985
218
428
448
1327
257
424
1910
1229
1778
135
1144
97
1371
942
286
110
546
109
394
572
1529
1376
803
403
951
480
1788
1396
964
602
1732
1533
1381
179
859
1989
602
769
1218
732
1255
713
828
977
1654
1113
1086
199
1574
1480
1122
1102
1207
277
1856
158
756
1995
1905
71
948
1636
1604
329
1814
462
317
768
1582
1886
1499
1188
950
678
164
603
142
1602
1153
67
1433
627
1168
639
903
1376
1148
10
1370
1052
432
318
1039
35
646
1205
849
1314
1972
782
1552
1822
1970
501
851
485
1456
992
86
960
1059
1518
1586
578
509
840
1953
8
849
1323
1060
1281
1992
450
1667
637
1654
867
302
1977
1649
205
1798
1970
706
648
806
513
1992
1244
1472
1050
761
1410
1979
1621
249
1932
1629
1450
1606
1040
730
1597
1489
748
585
1143
1615
1238
1119
1615
1443
1269
1936
148
268
741
660
259
1984
483
1660
1097
244
1639
717
493
1922
697
1942
1527
1736
1023
1475
1225
1770
59
719
1736
1296
1837
1350
738
1457
1285
1237
1725
378
248
1983
361
1083
1995
1809
1326
1633
526
170
1906
1574
463
1432
1310
1485
1258
886
1607
1316
1604
1694
963
1440
1044
53
1249
680
1641
973
1057
1889
1307
1770
1323
1301
1578
648
1285
455
818
1190
29
1280
973
1690
1117
230
575
1075
1897
178
768
860
1969
163
1264
1217
1195
904
189
603
1144
1848
372
466
1500
302
1114
785
1108
283
326
1136
1914
1299
1177
1382
1880
1751
456
1777
280
1576
988
249
90
251
1817
1284
1506
358
1887
650
205
610
1115
1704
1263
580
840
371
862
1166
1858
776
816
1035
157
695
1137
965
823
1417
892
1810
1665
981
412
1833
617
270
190
855
919
394
1816
33
450
1079
613
1289
1449
1826
806
1658
953
1621
692
1110
668
1829
426
1490
1597
1317
1652
1613
649
415
1445
1265
684
1635
119
1954
380
1935
1987
829
1013
951
118
813
1128
923
470
81
896
1514
1542
1563
1694
1967
1404
1290
1635
1407
1254
283
174
698
1548
857
684
18
811
1064
1952
1149
1892
1316
451
361
480
1930
1636
1302
10
531
1167
1551
445
860
1869
200
501
1503
1607
1754
138
1780
803
1685
988
1487
54
150
902
358
1650
1145
25
452
1506
505
382
1493
158
391
23
1324
294
819
183
514
1018
1035
17
624
1140
506
755
1942
542
95
1780
595
596
1033
952
246
178
977
1049
35
1833
1430
1527
1990
173
1901
1313
818
719
1847
1331
1736
881
1699
360
20
204
1466
313
745
1560
445
1340
508
1477
643
753
6
1971
153
40
1803
1583
1918
1792
107
1818
1456
924
536
1302
254
272
182
1953
983
553
508
448
1218
1253
360
1662
944
867
1490
1938
1971
1848
1909
123
239
1711
57
157
1855
163
1974
1310
1438
862
612
44
1133
1145
348
467
1698
855
1266
915
459
1625
928
1402
843
769
1340
1165
616
1248
1640
1207
1310
48
1363
1164
563
1688
474
2000
549
1085
43
33
581
390
499
278
1597
1765
1544
55
1741
823
1809
936
1592
1500
452
559
1099
91
1765
408
491
1479
1572
1053
1519
397
1404
67
1833
1799
452
413
540
950
691
136
1066
586
543
807
1761
351
94
1704
1850
545
262
948
988
379
1707
1478
209
1278
882
1727
26
637
146
1858
435
597
271
975
1898
1313
1462
964
250
4
1770
10
354
215
1713
555
759
327
1854
98
705
1561
1575
1265
1190
808
992
1216
1445
1489
1073
1879
85
1695
1205
1982
1007
667
945
1257
1022
1066
1618
1728
1280
1331
282
391
1657
136
488
713
1696
415
1977
885
1222
1320
452
1018
808
1525
1249
892
1219
453
1226
578
1471
522
186
845
1588
1803
572
1219
1485
1205
1609
1141
1340
449
1853
1387
863
182
624
436
1853
1075
1454
661
951
702
1904
170
1506
1481
1099
1329
3
1636
173
1590
1438
744
1160
923
1948
1121
415
1640
1569
620
1378
783
1153
1
1570
1005
1428
1375
1665
378
428
1921
899
1934
1401
1997
1262
1403
1984
1786
1344
1422
881
856
696
1180
1976
1462
819
1896
81
549
678
1585
901
599
590
328
1974
606
706
401
526
1604
686
279
1953
299
1681
1936
84
1377
1709
964
232
756
144
207
570
1314
454
1002
214
1483
587
1115
81
1176
1442
54
1781
499
807
307
455
1492
585
407
1791
617
694
1874
1993
755
1190
576
1862
1685
1134
431
1350
1587
1433
1564
1069
19
678
1150
1546
471
1555
1326
970
361
1984
1424
1853
920
182
1643
1889
1227
1868
233
1981
1057
809
195
741
1942
977
91
1881
409
6
949
779
683
450
676
1153
5
2
474
717
337
1897
569
1257
78
563
1497
1657
783
1729
1989
1839
537
183
932
831
1160
1374
711
1920
1731
11
1051
413
813
1726
1917
1169
79
743
1885
416
639
806
24
1069
1720
1520
725
502
1248
713
693
137
1248
1976
1319
759
1701
381
678
1431
391
80
195
1203
1806
463
723
1884
1205
608
651
1844
1413
674
1264
1484
545
340
1986
1793
1052
678
281
651
1005
1599
1409
705
1979
87
135
721
518
329
276
323
791
998
559
1996
1605
1561
191
1369
235
1806
853
779
145
1190
923
1548
1867
1555
199
871
1153
1607
1575
1131
45
61
204
563
389
479
1237
1531
1476
147
1878
1433
1708
420
801
294
225
5
1424
721
1194
347
269
1412
253
819
282
1406
425
208
888
822
620
1091
1736
1360
1569
1324
1243
1397
1471
1120
829
1530
1892
1981
1823
468
1986
1246
1189
1179
1944
1809
591
197
627
1224
1602
1403
1784
841
224
755
1932
311
115
1852
1635
1357
1248
1457
828
76
986
719
57
808
1187
394
405
727
1572
349
887
514
545
1513
90
498
1267
225
1690
1843
979
1621
153
1093
1473
139
449
1072
1595
1629
1148
580
347
1556
1739
1885
1949
144
963
1872
492
1849
738
1388
1713
827
237
980
1051
1926
822
29
1899
974
1474
1723
1113
274
794
1059
1902
1941
1639
601
1848
1377
485
148
1520
1800
20
363
1648
1109
1750
1713
1935
338
692
1337
264
1513
1717
514
838
1190
236
302
1816
1029
1361
1717
1322
999
317
1169
727
1154
1669
599
953
1688
961
952
1148
1063
664
1082
1400
1707
770
15
1219
838
528
409
28
763
710
195
144
70
263
1465
1420
932
985
147
85
653
1097
1389
692
57
692
1839
1119
1708
1272
871
1414
41
885
985
879
1765
1393
1258
879
102
1452
1022
524
66
486
1943
997
1471
441
1081
123
1537
821
1167
1946
1513
1005
1064
1572
277
286
985
669
1171
1969
1899
1287
1713
1156
165
1815
959
1187
690
1025
1672
984
21
1494
1425
1454
1969
1313
626
1135
1258
490
139
674
61
767
959
1398
1436
481
1366
1334
1767
1079
842
284
1245
152
1470
1934
1528
1141
1269
1549
987
693
1354
955
358
1979
89
1967
821
579
992
881
1346
303
278
1133
1135
1996
818
1254
1426
11
1537
1022
163
1006
1307
1690
498
575
1590
1484
1620
1295
438
1977
1626
878
295
446
1457
1287
1326
1154
1589
1956
638
723
1951
1807
328
1376
1818
1864
397
332
869
55
373
1367
629
315
1202
248
1609
1992
224
1234
869
519
1679
677
157
1357
182
97
1312
1171
1171
1614
978
1499
1341
1147
1362
89
1830
231
143
202
1949
771
516
1150
1019
125
1493
1594
1710
362
464
1741
1390
620
1097
1572
716
760
742
1887
725
71
1385
65
1569
1098
153
1398
1328
295
1952
1628
1417
467
1130
435
943
622
381
653
1335
844
745
725
1816
1841
296
531
952
1389
769
1676
1812
505
92
1732
1603
244
1130
1282
890
1081
910
658
1899
39
1445
842
1012
1825
1846
347
668
590
1071
483
782
1718
1366
85
1458
134
112
1269
639
203
1001
593
446
482
1874
1687
1914
783
344
1812
1173
1788
1005
185
1964
850
883
632
1791
1953
1466
924
22
1183
1008
1479
1669
1119
1100
659
1673
452
1251
118
933
1124
156
846
1907
852
1009
1431
639
14
1615
603
1215
849
1586
1358
801
1403
281
822
938
1641
653
606
1111
1752
1264
784
203
514
1253
1487
1637
1761
684
1895
612
1692
1326
1602
57
1292
556
1624
141
493
981
1293
1896
1613
467
1185
1605
1119
1790
716
870
1405
1851
1424
1918
1455
910
1906
1215
1945
153
1826
1988
1830
1780
397
1473
335
20
1965
828
1352
1258
1075
964
1724
259
921
842
48
1988
63
1804
1838
1838
1721
1292
1099
1978
859
1043
482
1036
1382
663
815
1778
136
1150
1797
100
1977
1500
1357
1403
816
1432
1661
1736
625
60
1723
1039
1863
1912
876
1935
1555
1974
264
413
1368
746
1449
750
1408
263
527
1543
1764
676
1995
92
527
1351
1494
1342
1135
1154
1077
1759
1213
1151
798
1075
1062
25
1009
617
1999
1625
1029
1718
370
829
819
129
1444
1346
1672
1207
373
18
1299
899
1368
1144
241
854
298
1669
613
1862
1172
1762
1289
233
1786
649
1201
136
273
582
1854
994
1410
672
1123
1205
369
1146
412
1093
1163
62
344
882
1205
936
1736
1854
604
348
68
1775
461
1708
360
246
356
1560
382
981
493
587
1974
255
1610
1096
1459
331
241
222
1423
1403
283
1766
285
1840
701
20
45
1657
719
464
1783
1179
171
494
1776
527
406
509
1507
898
1095
1480
1152
1057
928
963
1387
1168
1184
1161
923
1819
1279
1559
1658
1979
1930
54
1987
1000
518
122
178
688
967
305
1566
1372
814
1424
622
260
1256
125
1316
183
1087
1054
1702
271
215
976
89
1493
534
98
1823
463
503
162
1462
1020
635
1991
60
1601
296
1625
1325
1461
1049
1946
1720
304
422
1388
838
1509
441
539
131
1007
1515
571
851
400
1020
674
1215
1522
1187
676
894
1821
1019
953
1421
1666
929
745
1126
329
1042
845
984
1464
584
173
1324
1025
712
1806
383
578
728
1234
1329
1747
1907
543
1620
1093
1571
865
1265
589
169
685
254
1450
1782
1379
1778
1175
575
1114
638
1159
1286
313
535
349
470
917
1278
1197
150
607
1295
408
1149
915
1852
719
131
1116
1659
300
153
1912
1749
1934
1642
1878
1460
217
991
450
1727
277
762
261
625
1232
1177
1903
428
1679
509
75
86
9
1341
1938
1080
1471
1405
738
122
1557
1002
1870
1842
643
1748
1302
1211
1090
1751
937
1366
864
1197
343
95
726
245
875
404
1105
949
841
1465
289
1130
544
1759
535
1282
1881
91
635
102
285
1277
201
1586
488
1291
1688
1776
1008
551
1325
1350
646
50
1946
1872
805
1402
820
1645
867
1460
775
1410
1570
1661
1043
1802
103
1677
1904
387
1306
456
1972
145
98
1659
1920
1106
562
1244
807
1207
1645
753
1078
449
154
249
446
1372
1708
1220
782
1629
1232
176
1431
1334
205
1686
1721
1510
141
44
1654
239
55
1925
1696
616
1169
502
174
1165
1254
1603
1614
1760
1851
59
1131
1910
1630
264
1890
861
440
1320
194
996
1005
266
505
1498
662
510
1736
716
434
1783
1683
1954
284
1856
1119
1890
1810
1084
1649
12
1142
1131
1921
1123
1747
162
1983
186
1482
528
1533
838
1146
37
335
1807
898
422
874
1331
556
556
1637
840
763
1107
729
572
190
729
583
1683
1859
855
805
1605
1016
1139
142
849
1666
1674
1687
1163
62
373
969
959
1147
194
642
1702
749
278
893
1863
1384
1621
434
1925
349
1016
1607
560
222
411
164
1238
1549
658
86
1566
331
124
729
745
849
49
1703
347
595
696
48
1343
973
941
1558
708
913
1991
632
1262
1359
238
1821
1580
1000
336
1169
548
993
1607
466
1676
82
1546
772
930
1946
474
1276
540
1170
1676
1883
494
968
1440
1554
232
1782
185
1493
1140
775
1665
1072
1774
353
592
322
1697
198
787
1372
280
684
143
1561
629
969
1189
1169
490
1216
1403
1335
535
1194
888
766
975
1073
611
467
199
275
1890
1972
979
481
293
676
1031
1431
399
1662
114
894
1222
743
214
762
263
703
1977
1665
389
863
858
1277
1629
1832
701
239
650
899
865
539
870
1844
1372
1515
519
402
1297
917
63
1763
162
1636
505
375
750
1119
1077
1078
783
1818
1941
1640
1094
1569
1823
1794
1807
825
1044
671
1363
1913
866
1086
1779
1384
1487
1076
653
1901
838
814
1889
1694
1189
638
812
617
1715
1946
434
7
1585
1879
1575
1759
24
1733
583
1067
756
298
1332
1621
1383
1462
1357
870
537
9
1122
1726
1174
1010
1419
714
1999
582
1331
1714
527
116
72
463
347
1647
222
370
1731
804
1789
486
1101
1120
107
484
581
1815
1705
1470
1823
826
1195
1348
1836
966
62
186
1547
1744
1899
426
211
1971
888
557
1969
1109
927
1699
265
715
537
1717
186
995
200
1118
809
256
939
983
1082
134
330
1269
1451
391
1454
1349
486
1705
1774
697
27
662
1253
347
122
531
397
386
1245
933
455
1782
1927
654
1252
735
1262
190
69
695
675
399
315
125
1141
120
1474
1627
1824
1247
675
202
260
1927
548
734
810
945
1471
54
229
1925
188
156
931
1439
1242
192
1628
1311
886
303
61
1200
779
1201
1319
252
1179
1495
1851
1853
1696
462
132
596
1195
941
1892
666
1346
120
942
1885
627
1872
1323
1869
63
1303
1531
1300
1605
1591
499
383
791
170
987
322
16
1189
526
63
1650
657
658
845
1949
901
1862
1647
1373
803
1531
1999
1027
1206
219
1089
508
1749
389
464
1339
1239
1198
482
1760
184
1155
1775
1372
1680
1838
1374
689
847
570
637
1748
783
635
1120
1585
166
1470
611
1371
1689
52
230
1437
792
693
1128
382
1890
1609
142
426
763
268
149
794
457
1874
1482
1304
443
471
1403
1225
1105
874
1162
1622
343
124
992
31
175
1573
1468
1318
265
595
1700
507
555
193
1284
1669
812
1784
814
1269
1658
296
572
100
766
1974
1677
222
847
838
1844
1541
961
1187
1572
1136
760
1391
805
1024
1985
504
1882
891
1048
1517
911
1860
1301
1724
1128
958
371
51
1409
1136
376
1085
1358
1574
1922
1201
1114
1235
387
685
722
1498
75
1526
522
411
382
755
1653
1429
272
563
1640
1924
639
767
881
1009
817
641
497
1192
78
206
765
1999
1758
1879
1233
144
915
306
1994
990
1832
515
1752
213
1621
1405
1993
244
319
1633
167
957
751
1399
318
1568
40
814
1111
117
1019
228
467
776
458
52
1271
1724
357
1264
713
540
130
817
752
103
221
745
346
539
729
513
1848
1479
1911
165
1398
302
1330
509
418
348
1088
1237
1475
1897
1640
745
1620
1996
361
685
536
842
1501
1639
944
1721
735
1290
611
1463
1802
810
942
64
974
339
366
303
1199
1135
1002
638
371
476
534
10
1573
506
358
1933
1190
1245
774
1042
883
70
762
1618
1359
1724
1432
1512
534
725
1575
1859
1416
1940
514
966
1075
1515
1604
1797
343
489
159
267
994
516
551
535
1760
1676
1576
994
1745
689
963
1103
765
395
614
1650
1119
189
1508
534
480
373
1500
1554
240
1455
1703
582
295
1861
1200
1641
376
1750
175
487
1425
103
1480
1170
1143
443
624
1907
1189
1238
1556
659
1778
1064
1193
257
1788
1044
163
27
850
1865
960
1144
1725
159
784
452
1908
959
1290
1333
1413
769
854
555
1563
1477
462
1103
1066
17
1762
843
1432
1306
1452
1572
349
1614
1598
1198
1830
558
341
1554
716
1477
357
624
435
1646
308
199
766
1513
753
681
989
1566
135
407
1583
1896
1249
1366
1201
700
937
1901
665
887
1098
494
1444
1791
399
511
1267
755
1134
53
752
1793
251
1870
1657
1355
902
998
921
1036
1404
855
932
652
572
484
1704
1861
385
368
747
1482
862
190
1624
1260
700
1242
367
186
1294
1470
330
1896
1339
1987
1251
240
984
171
1276
387
1025
559
1390
1596
1042
1093
1456
1426
1461
554
1260
674
743
1235
1933
1795
477
651
332
1770
121
1013
1666
1459
1351
1268
51
334
1438
1678
1072
814
236
814
761
1629
1906
569
1407
1718
1122
666
743
217
252
1028
11
728
1678
694
850
1798
1706
515
1609
1409
134
11
94
1923
1688
1166
736
275
331
1496
1903
588
64
1661
306
1538
326
1400
1754
578
427
116
1657
105
809
506
254
866
1372
214
274
1505
224
720
1427
1911
237
514
537
567
10
440
1154
425
100
1811
1962
778
1211
1715
1707
1637
1830
1715
1741
990
221
347
208
1592
560
833
1449
784
1552
875
1046
1788
1389
1583
354
1750
374
1860
526
825
1670
488
1954
880
554
1660
869
736
1727
961
77
1947
1307
284
1890
1867
1469
1338
1002
1372
565
47
1160
305
1629
1865
406
2
76
931
827
1746
1418
780
977
324
792
1845
1059
870
1158
1487
816
464
1771
1057
682
1591
747
1683
962
1311
82
473
1967
1710
338
372
64
765
1302
1242
510
1072
373
1839
1747
1516
35
805
385
1192
291
1552
1656
413
609
689
355
1355
372
1317
1017
805
1789
983
514
478
1354
929
1243
1007
170
104
430
895
1942
176
410
1977
1332
795
1520
1975
698
1175
739
1306
1864
1094
1012
587
410
28
1391
550
1362
256
1380
1067
1185
974
426
1706
1429
855
600
1723
1031
1362
51
362
508
1570
336
1205
1097
1075
511
1312
520
1874
250
1281
254
1640
1830
1615
247
1561
682
1783
886
1107
1841
667
313
440
389
1343
1801
439
57
660
360
392
1865
1456
1818
727
1119
337
600
1368
1617
853
1359
1799
820
1606
1711
1853
1740
949
1311
1580
1615
1623
20
3
966
172
793
1022
832
1504
1765
1048
960
1935
1774
78
623
373
1798
592
1578
1156
742
397
761
804
249
853
1752
1559
432
1366
1533
803
1720
498
1327
864
1871
510
368
1988
1557
1679
274
1330
1756
896
54
1905
1839
1983
1061
580
731
173
1736
1331
1025
1487
889
1457
1205
422
259
924
1271
1937
140
1494
446
507
1481
2
185
106
1683
292
1001
89
197
1192
71
1257
123
802
1429
1858
132
806
1345
1373
262
901
146
872
1824
1768
809
315
1261
1606
821
1093
1608
1005
1198
1642
1649
551
1730
1845
1742
153
1453
1864
1306
1233
74
1437
38
1418
1161
651
318
1658
1523
493
1426
683
808
686
288
1980
131
247
1337
1328
1889
985
230
1970
1181
1971
122
633
187
1427
1865
260
1216
1903
29
728
553
698
386
427
1542
163
1109
349
848
1749
681
1330
1995
17
658
235
1001
1239
557
181
1562
1030
1165
1748
809
1029
359
24
931
739
1103
1836
1436
1840
262
977
2
1723
1678
1202
1471
358
531
1817
374
1540
404
1726
779
960
258
340
341
1422
439
1149
802
797
1524
85
1535
627
1920
1322
466
533
298
468
255
1975
1669
77
684
551
246
1409
91
649
1486
869
1960
1743
1560
300
1516
1998
1449
670
1146
1324
754
1032
1950
1025
353
768
1557
650
1587
164
977
1607
240
1660
157
485
1421
247
1485
906
1467
1796
1001
1026
448
868
1375
248
1537
520
1571
642
1551
1521
1666
1903
640
1223
905
226
1738
1881
1832
1977
1892
1988
814
1312
587
650
218
405
446
1218
1431
1245
437
1157
1492
1974
1677
1062
615
1227
934
281
1482
1925
1855
386
150
1592
618
333
1920
861
673
1085
173
1259
1735
742
15
532
311
1797
1776
747
954
1267
1072
630
680
1687
208
1966
319
1689
1890
525
426
40
468
1043
724
387
256
1396
1472
428
1006
1206
1521
1021
89
1831
817
1864
929
1770
1482
1
399
513
39
959
478
357
647
368
1233
1425
759
1700
819
1482
86
1074
1230
1909
1501
235
1466
1373
1255
1554
1203
424
1417
484
193
1250
484
944
1763
522
1902
240
1230
900
959
462
324
69
161
1143
1903
598
216
1132
507
69
1366
1972
1441
973
1526
996
1396
1294
1479
1588
896
314
883
658
835
784
1249
64
1684
560
877
7
628
1037
1501
530
1634
1717
1661
492
1785
1027
464
1577
351
341
572
1746
1634
50
1685
529
363
568
1538
1549
1703
787
1964
1738
1346
840
97
325
228
1597
855
214
1313
515
705
1449
1893
1520
1026
243
1860
1597
340
1494
1999
25
374
713
944
1912
262
646
1050
577
384
747
1769
480
1071
1996
428
1925
561
1741
792
1266
1541
1036
785
566
1279
645
163
1970
490
513
1994
1215
1225
1289
1126
1838
1935
527
415
670
1273
183
1501
344
530
1928
268
1091
20
1411
708
1561
447
1844
126
77
840
640
46
1329
1152
392
896
729
1680
21
566
1614
548
1332
635
172
1514
135
515
396
415
1135
1486
434
545
545
1994
1343
388
120
1419
1228
1111
1465
908
263
208
1803
1343
1887
176
1908
1853
1075
1240
487
1246
1105
974
113
1852
1388
1247
1337
1821
143
233
167
1838
621
638
1256
200
1748
1072
1107
362
1279
1262
1704
1518
1437
1964
1370
863
1203
208
108
659
1533
572
511
920
170
199
1093
313
432
1259
502
1404
248
1757
1603
1995
1181
1061
709
811
674
412
328
462
375
49
1324
1929
609
1784
940
141
355
1450
1413
525
2000
505
1189
783
115
1690
186
362
1798
140
708
978
1553
1416
1789
226
180
468
688
906
517
363
1187
1125
146
126
1617
853
1927
1029
1377
1926
1533
917
709
1999
606
1246
712
403
1386
1420
1733
1290
1187
1521
1515
1718
340
554
624
1208
1269
1810
332
1766
287
1949
618
213
1329
346
138
862
1262
1198
1212
219
444
1924
622
181
1695
706
1470
1233
578
1336
951
917
242
1926
125
1510
87
808
1275
373
1108
245
585
437
590
1074
1650
204
272
861
422
1067
1136
1395
1599
1182
100
1420
415
677
1107
1717
1594
1348
1994
70
1209
80
877
836
452
1985
1432
1388
773
21
461
422
224
1084
1634
998
502
770
392
100
1951
492
1519
717
1168
626
785
1113
325
778
1182
1886
857
59
721
1660
395
152
1047
1167
524
1860
1940
1100
1295
1573
97
1797
694
840
248
997
1331
1767
1713
851
744
498
315
1420
1627
1497
1305
484
1907
377
495
653
880
1894
171
1756
105
110
1207
1399
1682
1303
1195
728
494
1443
1724
1825
1561
1436
1027
656
285
1341
427
1912
1189
84
747
1447
812
1241
99
1692
1486
269
1799
1590
378
1005
989
412
659
535
1139
1152
329
862
1328
1889
649
354
896
1286
47
1675
1197
1587
1758
1943
1034
569
1535
1132
612
1021
1753
410
610
130
1766
1950
893
424
485
383
1928
813
1596
1255
1054
245
1961
301
1882
359
1975
1078
1945
1732
1372
978
301
1258
462
1264
278
214
1674
1240
695
1791
1189
1940
215
25
322
142
838
1918
1748
243
514
1708
543
395
418
518
1824
363
601
1547
1692
1253
804
153
517
1434
366
542
673
1413
332
213
1352
898
238
25
1391
1075
294
1139
1669
807
1198
211
1553
1616
1080
1728
330
1681
1274
21
1285
78
174
1801
1511
891
694
535
655
1026
747
6
1923
984
31
1314
410
676
804
78
1483
1
641
1387
1968
1720
1115
297
1752
740
318
1037
817
843
1189
679
85
1883
1213
740
908
1960
1097
1182
1295
1479
847
1705
155
2
134
1989
3
774
1375
322
846
841
619
597
1581
1288
1633
749
130
1174
1780
566
1056
992
1305
315
1303
754
1848
950
232
1047
1006
386
1048
1139
726
1050
265
453
1724
1110
1293
342
1706
1225
1981
1691
326
462
864
105
1027
271
1448
684
585
1103
1437
784
52
20
1830
1057
758
878
547
1483
279
811
1935
2
1920
1228
695
1626
804
675
1668
1129
1136
883
1585
515
1153
1385
1198
89
487
986
1224
890
1005
1054
1946
1762
283
844
1245
561
1655
1179
915
1926
758
1961
1903
1914
636
1570
1394
123
452
979
637
1956
715
186
396
1201
1171
1620
90
176
673
387
289
955
1230
1533
1867
1236
1064
1133
1162
173
1094
1064
438
81
634
1832
555
1437
1162
1544
1745
1876
1729
140
1076
1252
1759
1517
1779
783
1903
67
1737
1484
1952
1956
720
1367
1440
1881
1891
885
944
329
1317
1577
512
1872
1366
25
1767
1110
1900
1495
1249
1327
1098
1008
843
1228
1790
1097
1647
1879
580
1950
186
1299
1668
1977
1179
1558
862
123
238
178
51
749
401
1768
773
167
877
1024
14
478
350
1111
1837
1544
691
1978
992
337
208
1924
286
393
1222
1953
722
753
1862
1583
1227
100
112
1629
1200
513
1397
325
1031
273
1348
1044
1102
50
507
938
1945
1197
916
937
1533
1123
860
170
1868
433
474
589
1185
335
523
763
434
634
392
1986
1498
1788
310
529
412
1657
1572
1866
1706
78
803
1651
1626
1718
939
1158
841
150
1679
1060
934
152
1648
119
487
170
1233
1272
803
1624
1257
653
1763
1566
1181
527
1223
752
392
1280
1182
1194
1282
807
1264
572
317
456
721
347
1515
1655
499
1162
125
1337
1683
1709
608
837
1685
217
1489
1447
1782
1021
325
1356
125
1068
988
1306
614
269
464
1877
1193
1132
684
265
1479
198
1919
329
1711
395
1665
1745
104
272
581
1788
488
422
1586
622
1442
263
329
1566
1330
1316
1223
295
1937
1687
171
1129
1170
1206
1393
648
1403
1664
1328
1465
410
992
1561
865
1616
142
652
455
563
590
1076
356
1204
1405
1922
533
1072
1144
828
1008
1182
1350
136
352
556
1881
1351
310
1896
679
127
305
22
1687
1170
1637
180
173
444
1094
762
1519
1450
317
1275
1371
850
699
866
29
1706
48
1730
194
399
637
74
101
1299
1969
779
1777
625
1153
1815
1794
789
1995
1967
1232
1088
1080
1103
889
1397
729
611
598
1427
1477
978
1485
1876
1059
1678
626
48
103
726
1346
423
1857
1474
1047
1009
1288
1193
149
1634
1159
1733
722
590
835
1962
338
1915
573
1287
1342
401
264
826
276
1675
855
901
1722
957
1978
1419
1731
1834
892
777
1194
179
1969
1343
165
1479
1075
886
421
261
1199
758
175
123
45
1868
523
660
1045
798
334
1899
50
407
1207
28
1825
937
213
716
66
1759
1247
386
1101
1411
217
527
648
637
787
198
1394
1313
321
1790
1181
843
450
577
1993
1135
828
394
1542
386
773
1718
1323
986
786
1740
1096
32
125
196
1794
341
722
793
1329
1860
990
723
1172
1662
864
704
505
1665
1281
849
800
460
1242
693
845
15
410
519
1352
1195
610
447
1578
735
994
1723
1427
67
515
1108
1926
1857
182
1449
1518
1045
153
374
710
1785
1574
1861
596
816
553
1440
1182
962
1959
885
509
568
1683
86
1654
1028
1809
1433
1094
675
540
1371
883
721
819
753
117
1323
1478
826
1107
1052
686
1702
219
1590
1494
1752
552
1804
636
1412
723
670
1497
729
49
1657
513
1142
684
1052
512
1566
124
1682
318
592
1005
1796
1418
463
847
455
517
1417
45
10
1168
948
165
155
359
887
824
207
1615
872
216
127
365
899
1530
1228
464
5
909
1134
597
265
1281
366
1080
127
1172
1596
1895
1216
1957
1062
515
473
1216
1225
1359
391
1784
1326
1262
1999
1804
1978
1249
1686
1205
1712
42
465
1197
990
1082
477
1355
161
955
879
108
849
446
416
1910
961
888
1125
537
598
1515
320
1923
1128
670
79
1105
1918
116
661
1982
157
1478
1530
1147
559
7
853
1071
961
1731
1178
1810
177
1593
71
1489
832
1548
25
1429
1062
697
1704
542
1366
1782
1998
1636
249
659
1969
405
136
1498
1903
1046
1504
756
116
817
838
1293
978
1014
1237
1400
854
68
947
879
1848
361
1927
1551
902
1644
1684
899
1279
1932
1909
1599
337
396
1097
591
1793
952
1346
1908
120
536
1552
1097
1901
1140
497
755
1559
1443
1985
1407
155
1911
957
1056
1554
993
307
1185
924
567
783
1612
1315
231
203
1107
1183
1900
1015
1654
435
918
751
336
58
1599
1442
1616
1393
1426
1022
1548
1688
331
603
1241
1323
1261
777
246
1828
1912
210
1494
142
412
600
1676
311
1614
1682
1098
884
432
1433
941
382
874
908
1774
651
282
1321
338
612
276
1930
286
1888
1059
883
67
970
1092
1560
1463
1503
160
1491
166
125
1172
1263
1008
1955
1047
300
336
1920
1208
109
922
1489
1782
1259
100
409
1540
737
296
598
1619
363
1567
711
274
1382
565
433
1224
730
910
395
344
1917
701
1390
217
1036
1661
1776
1496
582
1264
1629
192
1715
37
1732
451
685
329
69
1399
248
1131
1672
1981
1696
457
1204
777
1366
1950
1121
1634
650
510
1850
1685
523
1977
1532
1104
1240
1161
1648
1306
1549
1379
1756
233
59
177
1983
658
1659
1655
638
1354
463
1841
483
1828
1790
1955
1461
439
816
1663
475
1338
1639
359
794
1231
1871
441
536
1419
171
644
4
229
1172
1986
887
830
1992
1524
536
454
1717
1018
633
1506
972
94
297
1787
108
1123
1477
1746
1481
270
976
1351
710
1864
1122
880
507
1125
1460
1678
1462
346
859
1806
222
1394
611
1938
763
1244
1795
1734
1689
443
1873
1796
1566
1349
1541
1046
1970
869
749
679
1084
1870
1910
1942
994
1721
1971
807
419
829
612
640
223
1223
929
985
466
1075
1071
154
1518
1295
301
1083
995
193
480
964
1413
1228
1994
496
1097
255
437
442
1975
407
1249
393
1588
1860
1384
1810
1434
312
1146
251
1387
568
756
1256
1862
1056
338
856
1249
817
171
661
45
164
1157
1493
418
1945
1935
745
704
1183
1137
291
1394
873
452
1180
1184
1597
1430
922
517
538
177
730
1593
866
1938
841
35
108
1854
431
624
1362
1923
1393
1306
1857
137
9
1391
1626
651
1137
498
1102
668
33
1051
449
1307
1567
986
1835
296
579
701
233
1771
