0
2
2
2
5
6
6
6
7
9
11
12
13
14
14
15
16
17
17
17
18
19
19
20
22
22
24
24
24
28
29
30
32
33
35
39
39
39
40
41
42
42
43
43
45
47
47
48
49
50
52
54
54
55
56
57
57
58
59
60
60
61
62
62
63
64
64
65
67
68
69
69
70
71
71
72
73
73
73
74
75
76
76
77
77
77
78
78
78
79
82
83
85
86
86
87
87
87
88
89
91
92
92
93
94
94
95
95
95
97
99
99
100
101
103
105
105
106
107
108
108
109
111
114
115
116
116
117
117
117
118
119
119
120
121
121
121
123
123
123
124
124
124
124
125
125
126
128
128
129
129
129
130
130
131
131
132
132
141
143
143
145
147
149
150
150
151
151
154
155
160
161
161
162
162
162
164
164
164
166
169
169
169
169
171
172
173
173
173
174
175
175
177
178
178
178
179
180
181
181
181
182
182
183
183
184
184
184
185
185
186
187
187
187
190
191
193
195
197
198
198
200
201
201
203
203
207
207
211
213
214
215
216
216
216
216
217
221
223
225
225
227
228
229
229
230
230
231
232
236
236
236
237
238
240
242
242
243
245
246
246
249
250
250
251
251
251
252
252
254
255
255
255
255
255
256
256
257
257
258
258
259
260
260
260
261
261
262
263
264
264
265
266
267
268
269
270
270
270
271
271
273
273
273
276
277
278
279
280
280
280
282
286
287
287
287
288
289
291
291
293
293
293
293
294
294
295
296
297
297
300
301
302
302
303
303
304
305
305
305
306
306
307
307
309
311
311
311
312
312
314
318
320
322
323
323
324
324
324
327
327
330
331
331
332
334
335
337
338
338
344
346
348
350
351
353
353
353
354
360
361
362
365
366
368
371
371
372
375
375
375
378
381
382
386
387
388
389
390
390
392
392
393
393
394
396
396
396
397
397
398
399
400
401
402
404
405
407
408
408
408
410
412
415
416
418
418
419
421
422
423
423
425
426
428
429
430
431
432
437
437
438
441
441
443
443
444
445
447
448
449
449
450
458
460
460
461
461
462
463
466
467
468
469
470
471
472
472
472
473
475
478
479
479
480
482
483
484
486
486
486
487
488
489
490
491
492
492
492
493
495
495
495
497
499
499
499
500
500
501
501
503
504
504
505
505
507
508
508
509
509
510
510
511
513
513
513
513
514
515
515
518
518
521
521
524
525
527
527
528
531
531
532
532
532
533
533
534
534
537
539
541
541
542
543
543
545
547
549
549
549
549
550
551
551
551
554
554
559
559
562
562
563
563
564
564
565
566
568
569
570
575
575
575
576
577
577
580
580
580
582
585
585
586
588
589
591
592
592
593
593
593
594
595
596
598
599
600
601
602
604
604
605
605
606
607
608
611
611
613
614
614
616
617
620
621
621
628
628
628
629
631
632
632
633
636
637
637
638
640
643
643
643
643
644
645
647
650
651
652
652
653
654
655
656
656
657
658
659
661
662
662
666
667
669
669
669
669
674
675
675
678
679
680
681
682
682
683
684
684
686
686
687
689
692
692
697
697
699
699
700
701
701
702
702
703
703
703
704
705
707
708
708
708
709
710
712
713
715
716
717
718
719
720
721
721
722
722
724
726
727
728
728
732
732
733
735
735
736
736
736
737
737
738
738
738
738
741
742
743
743
743
745
745
746
748
748
751
752
752
752
753
753
754
754
754
756
756
758
758
759
759
761
761
763
763
763
764
766
767
767
769
771
772
773
773
774
774
775
776
776
776
777
777
778
779
781
783
784
789
790
790
792
792
793
793
794
794
798
798
799
799
799
800
800
800
800
801
801
802
802
802
802
804
805
805
805
806
809
809
810
810
810
811
812
813
815
817
817
819
820
820
821
822
822
823
825
825
826
827
827
827
828
831
831
833
835
836
836
839
839
840
841
844
844
846
846
846
847
847
848
848
849
849
851
852
852
852
853
853
858
858
858
860
860
860
866
866
866
867
868
868
868
868
869
869
871
871
871
872
873
873
874
876
876
877
879
879
880
880
881
881
882
883
885
885
886
886
887
887
887
888
888
889
890
894
894
895
895
897
898
899
899
900
902
904
906
909
909
910
911
911
911
912
912
917
917
919
920
922
922
923
923
924
924
924
925
927
928
928
931
933
933
934
935
936
939
940
940
941
941
942
942
942
944
947
947
948
948
948
950
950
951
951
953
958
958
959
960
960
960
960
960
960
960
961
962
965
965
966
969
969
969
971
971
973
975
976
976
977
978
979
980
980
981
981
983
983
984
984
985
985
986
986
986
986
987
988
988
988
990
991
992
993
994
994
995
997
997
998
999
1000
1001
1001
1001
1003
1003
1003
1004
1005
1005
1005
1006
1007
1009
1009
1010
1010
1014
1015
1015
1015
1016
1017
1018
1018
1019
1019
1020
1020
1021
1022
1022
1022
1024
1027
1028
1028
1028
1029
1029
1031
1036
1037
1039
1040
1043
1043
1044
1046
1047
1047
1049
1049
1051
1051
1052
1053
1054
1054
1055
1056
1056
1056
1056
1057
1057
1059
1059
1059
1064
1065
1065
1066
1069
1070
1071
1071
1073
1075
1077
1077
1077
1078
1080
1080
1080
1080
1083
1084
1088
1089
1090
1090
1092
1092
1092
1093
1093
1095
1097
1097
1098
1100
1101
1101
1102
1102
1104
1105
1106
1107
1108
1109
1109
1110
1110
1111
1112
1113
1114
1114
1115
1115
1117
1120
1121
1122
1123
1124
1124
1126
1126
1126
1128
1129
1130
1131
1133
1134
1135
1137
1138
1139
1139
1139
1139
1139
1140
1140
1141
1141
1142
1142
1143
1146
1147
1147
1148
1148
1149
1149
1150
1150
1150
1152
1152
1153
1154
1154
1155
1155
1156
1158
1158
1158
1159
1159
1160
1160
1161
1161
1162
1162
1162
1164
1164
1167
1167
1168
1168
1173
1173
1174
1174
1175
1178
1180
1181
1181
1182
1182
1183
1184
1185
1186
1186
1187
1187
1188
1188
1188
1189
1191
1191
1192
1192
1193
1193
1193
1196
1199
1201
1202
1202
1202
1202
1203
1204
1204
1205
1206
1207
1207
1207
1210
1210
1211
1212
1214
1214
1217
1217
1218
1219
1220
1221
1221
1222
1223
1225
1225
1225
1226
1227
1230
1234
1234
1235
1235
1236
1237
1237
1237
1238
1239
1239
1241
1242
1244
1244
1245
1245
1246
1247
1247
1247
1248
1248
1249
1250
1250
1251
1252
1252
1252
1255
1255
1256
1256
1257
1258
1258
1259
1261
1261
1262
1263
1264
1265
1265
1265
1267
1267
1268
1270
1271
1271
1273
1273
1274
1275
1276
1276
1283
1283
1284
1284
1285
1287
1289
1291
1292
1295
1296
1298
1298
1299
1303
1303
1304
1305
1306
1306
1307
1309
1310
1310
1311
1313
1315
1316
1319
1319
1321
1321
1321
1323
1324
1324
1324
1325
1327
1328
1328
1332
1334
1335
1335
1336
1336
1337
1337
1338
1338
1342
1342
1342
1343
1343
1344
1344
1345
1351
1352
1352
1353
1354
1354
1354
1355
1355
1356
1358
1359
1361
1362
1362
1365
1366
1367
1368
1368
1369
1376
1377
1377
1379
1379
1380
1381
1381
1382
1382
1383
1385
1386
1387
1387
1389
1389
1390
1391
1392
1393
1393
1398
1399
1401
1402
1403
1403
1403
1404
1404
1404
1405
1409
1410
1410
1411
1411
1413
1413
1414
1414
1415
1416
1419
1420
1421
1424
1425
1425
1426
1427
1427
1428
1428
1429
1429
1430
1431
1435
1435
1435
1436
1436
1438
1439
1440
1440
1441
1443
1443
1444
1446
1448
1449
1449
1449
1450
1450
1450
1450
1451
1451
1452
1453
1456
1456
1456
1457
1458
1458
1460
1461
1461
1462
1463
1463
1463
1464
1465
1466
1466
1467
1468
1469
1469
1472
1473
1473
1476
1476
1477
1478
1478
1479
1479
1482
1485
1486
1486
1486
1486
1487
1487
1487
1487
1488
1490
1490
1491
1492
1492
1494
1497
1498
1498
1498
1499
1500
1501
1501
1503
1504
1505
1506
1509
1510
1511
1511
1512
1512
1515
1515
1515
1515
1520
1520
1521
1522
1523
1525
1527
1527
1527
1528
1528
1530
1530
1531
1531
1534
1534
1535
1545
1545
1549
1550
1552
1555
1555
1555
1555
1556
1556
1557
1559
1560
1560
1561
1563
1564
1564
1565
1565
1565
1566
1568
1569
1569
1569
1570
1572
1572
1576
1577
1577
1578
1579
1583
1584
1585
1585
1586
1586
1587
1587
1588
1589
1589
1590
1591
1592
1592
1594
1594
1594
1595
1598
1599
1601
1601
1602
1603
1605
1605
1606
1607
1607
1607
1608
1611
1611
1613
1614
1615
1615
1617
1617
1617
1618
1620
1622
1626
1627
1628
1630
1632
1633
1635
1636
1637
1637
1637
1637
1637
1638
1638
1640
1643
1644
1644
1646
1648
1648
1653
1653
1653
1653
1654
1656
1656
1658
1660
1660
1660
1661
1661
1662
1663
1663
1665
1665
1666
1666
1667
1667
1668
1668
1669
1671
1671
1671
1673
1673
1674
1674
1677
1678
1678
1680
1681
1683
1686
1687
1687
1689
1690
1691
1691
1691
1693
1695
1695
1696
1698
1699
1699
1701
1701
1701
1702
1703
1703
1704
1704
1705
1705
1706
1706
1708
1711
1711
1715
1718
1719
1720
1721
1722
1725
1725
1727
1727
1727
1728
1729
1730
1732
1734
1735
1735
1736
1736
1736
1739
1739
1739
1742
1742
1743
1743
1744
1744
1744
1744
1744
1745
1745
1745
1746
1746
1747
1747
1747
1748
1750
1750
1750
1752
1752
1752
1753
1753
1753
1753
1755
1756
1757
1758
1760
1760
1760
1761
1762
1762
1764
1764
1765
1765
1766
1769
1771
1771
1771
1773
1774
1775
1775
1776
1777
1778
1778
1780
1785
1787
1788
1788
1790
1791
1791
1792
1793
1793
1794
1795
1795
1795
1797
1798
1798
1799
1800
1801
1802
1802
1805
1805
1807
1807
1810
1810
1811
1812
1813
1814
1815
1816
1817
1817
1818
1819
1820
1820
1821
1821
1821
1823
1824
1824
1824
1826
1826
1827
1830
1833
1833
1834
1835
1839
1841
1841
1843
1843
1845
1845
1846
1847
1848
1850
1852
1852
1853
1854
1857
1858
1859
1860
1862
1862
1863
1863
1864
1864
1868
1868
1869
1870
1874
1874
1874
1877
1877
1877
1878
1878
1879
1879
1880
1881
1882
1883
1885
1885
1885
1885
1887
1888
1889
1893
1894
1895
1895
1895
1895
1896
1897
1898
1901
1903
1903
1904
1905
1905
1905
1906
1909
1909
1909
1910
1913
1915
1915
1917
1918
1919
1919
1919
1920
1922
1922
1922
1925
1925
1926
1926
1926
1927
1928
1929
1930
1930
1933
1934
1934
1938
1940
1941
1941
1942
1942
1942
1946
1946
1949
1953
1954
1957
1958
1958
1959
1961
1965
1966
1967
1970
1971
1972
1974
1976
1976
1977
1977
1977
1977
1978
1979
1980
1980
1980
1981
1981
1982
1982
1984
1985
1985
1985
1986
1986
1987
1990
1990
1991
1992
1992
1993
1994
1995
1995
1996
1997
1997
1997
1998
1999
2002
2002
2005
2005
2007
2007
2009
2010
2012
2015
2019
2021
2021
2024
2024
2024
2025
2026
2029
2029
2029
2030
2032
2033
2033
2033
2034
2034
2034
2036
2037
2037
2038
2038
2039
2039
2039
2040
2040
2040
2041
2041
2042
2043
2044
2044
2045
2046
2046
2046
2049
2051
2051
2051
2052
2053
2054
2056
2057
2057
2057
2058
2059
2060
2060
2061
2061
2062
2062
2063
2065
2066
2067
2067
2070
2070
2070
2070
2072
2072
2073
2073
2074
2074
2075
2075
2075
2079
2081
2084
2086
2087
2089
2092
2092
2093
2093
2095
2096
2096
2098
2099
2100
2102
2102
2102
2102
2104
2105
2105
2105
2107
2108
2108
2108
2110
2111
2111
2112
2113
2117
2117
2119
2120
2121
2121
2123
2125
2125
2125
2128
2128
2132
2138
2140
2141
2142
2142
2147
2148
2148
2149
2151
2152
2153
2155
2156
2158
2159
2160
2161
2161
2162
2162
2162
2163
2163
2164
2164
2165
2165
2167
2167
2168
2168
2173
2174
2174
2175
2175
2177
2178
2178
2178
2178
2181
2182
2182
2186
2187
2187
2188
2190
2190
2191
2191
2191
2191
2193
2196
2197
2197
2197
2198
2200
2201
2203
2204
2204
2207
2207
2207
2209
2210
2211
2211
2212
2213
2213
2213
2214
2214
2214
2216
2219
2219
2222
2222
2224
2226
2227
2228
2229
2233
2234
2234
2235
2235
2236
2236
2239
2239
2240
2243
2245
2245
2246
2247
2248
2249
2250
2253
2255
2256
2256
2256
2257
2259
2261
2262
2264
2267
2267
2268
2270
2270
2272
2272
2272
2272
2273
2274
2275
2276
2276
2277
2277
2278
2278
2278
2280
2281
2281
2282
2284
2284
2286
2287
2289
2290
2291
2292
2293
2293
2294
2294
2294
2295
2297
2297
2298
2298
2299
2299
2300
2300
2300
2301
2302
2302
2304
2308
2308
2309
2311
2311
2313
2313
2314
2315
2316
2316
2318
2321
2321
2323
2323
2324
2325
2326
2326
2327
2328
2328
2328
2328
2329
2329
2332
2332
2335
2337
2338
2340
2340
2341
2341
2342
2343
2343
2345
2346
2346
2347
2347
2347
2348
2350
2350
2352
2353
2354
2357
2362
2362
2363
2363
2364
2364
2364
2366
2367
2368
2369
2372
2374
2375
2375
2377
2377
2377
2377
2380
2380
2381
2382
2382
2382
2383
2383
2384
2385
2386
2387
2387
2387
2394
2395
2395
2395
2397
2398
2399
2401
2401
2403
2405
2405
2407
2410
2410
2411
2411
2412
2413
2415
2416
2417
2418
2418
2419
2420
2421
2422
2422
2424
2425
2426
2426
2427
2428
2428
2429
2429
2430
2430
2432
2432
2432
2432
2432
2433
2434
2436
2436
2439
2439
2440
2440
2441
2442
2444
2445
2446
2449
2449
2452
2454
2454
2458
2459
2460
2461
2461
2462
2463
2464
2464
2465
2467
2467
2468
2468
2471
2471
2472
2473
2473
2474
2475
2476
2477
2479
2481
2481
2482
2482
2483
2484
2484
2484
2485
2485
2486
2486
2487
2488
2490
2490
2490
2493
2494
2494
2494
2495
2497
2497
2497
2499
2499
2501
2501
2502
2502
2503
2504
2504
2508
2509
2509
2509
2510
2512
2513
2513
2513
2513
2516
2517
2521
2524
2525
2525
2527
2532
2532
2533
2537
2539
2539
2540
2541
2542
2545
2545
2549
2550
2552
2552
2556
2559
2560
2560
2561
2562
2564
2565
2566
2567
2567
2568
2569
2571
2575
2576
2581
2583
2583
2584
2585
2585
2586
2587
2588
2589
2590
2591
2592
2593
2593
2594
2594
2595
2595
2596
2597
2597
2598
2603
2605
2605
2605
2606
2606
2607
2607
2607
2608
2610
2610
2613
2613
2613
2614
2614
2615
2616
2616
2617
2618
2618
2619
2620
2620
2621
2622
2622
2622
2623
2623
2624
2628
2629
2631
2631
2632
2632
2632
2634
2634
2636
2636
2637
2639
2639
2640
2642
2644
2645
2645
2647
2650
2650
2651
2651
2653
2653
2653
2653
2655
2658
2658
2661
2662
2664
2665
2665
2668
2670
2670
2672
2673
2673
2673
2676
2676
2680
2680
2680
2684
2685
2685
2687
2690
2691
2692
2693
2693
2693
2696
2697
2698
2698
2700
2702
2702
2704
2705
2705
2710
2710
2711
2712
2714
2716
2721
2721
2721
2721
2721
2726
2729
2730
2730
2732
2732
2733
2733
2735
2735
2735
2736
2739
2740
2740
2742
2742
2743
2744
2746
2747
2748
2750
2751
2751
2751
2751
2753
2755
2755
2757
2758
2760
2761
2763
2763
2764
2766
2767
2767
2771
2772
2773
2775
2776
2778
2778
2780
2781
2781
2781
2782
2784
2785
2785
2789
2789
2790
2790
2790
2790
2791
2792
2792
2793
2793
2793
2793
2794
2795
2796
2798
2798
2800
2800
2801
2801
2802
2803
2804
2805
2806
2806
2807
2810
2812
2813
2813
2815
2816
2817
2818
2819
2820
2820
2822
2823
2823
2824
2825
2831
2831
2832
2832
2832
2835
2836
2836
2837
2839
2841
2844
2844
2844
2848
2848
2850
2850
2851
2853
2854
2855
2857
2857
2858
2858
2858
2859
2861
2862
2862
2863
2863
2865
2866
2867
2874
2877
2877
2879
2879
2880
2882
2883
2883
2885
2885
2887
2887
2889
2889
2891
2892
2893
2893
2893
2894
2894
2896
2898
2901
2903
2903
2903
2904
2905
2905
2906
2909
2909
2910
2911
2911
2912
2913
2914
2914
2916
2916
2917
2917
2919
2919
2919
2922
2924
2924
2927
2928
2928
2930
2930
2931
2933
2934
2935
2935
2936
2937
2937
2940
2941
2942
2943
2944
2944
2945
2945
2946
2946
2947
2950
2950
2950
2951
2952
2955
2957
2957
2958
2959
2959
2959
2960
2965
2966
2970
2972
2973
2973
2975
2975
2976
2976
2976
2977
2978
2978
2979
2981
2981
2982
2984
2986
2990
2993
2993
2993
2994
2995
2996
2998
3000
3000
3002
3003
3003
3004
3007
3007
3008
3010
3011
3011
3016
3017
3018
3018
3020
3022
3023
3023
3024
3024
3024
3024
3025
3027
3028
3030
3031
3031
3032
3032
3033
3033
3035
3035
3037
3037
3038
3039
3039
3040
3040
3043
3044
3047
3047
3047
3050
3050
3050
3053
3054
3054
3054
3054
3055
3055
3056
3057
3059
3060
3060
3061
3062
3062
3063
3064
3065
3065
3068
3068
3071
3072
3074
3074
3075
3077
3078
3078
3078
3079
3079
3079
3080
3081
3081
3082
3082
3083
3083
3084
3085
3086
3086
3087
3089
3089
3094
3095
3095
3095
3099
3101
3102
3103
3103
3103
3105
3108
3109
3109
3112
3114
3115
3115
3119
3120
3120
3121
3122
3125
3125
3128
3128
3129
3131
3133
3135
3136
3137
3137
3137
3138
3139
3141
3142
3142
3144
3145
3146
3147
3148
3150
3151
3151
3152
3153
3153
3154
3156
3156
3157
3157
3158
3158
3160
3161
3162
3163
3164
3164
3164
3166
3170
3171
3171
3172
3172
3172
3173
3173
3178
3179
3180
3181
3182
3182
3183
3184
3185
3186
3186
3188
3189
3189
3189
3191
3191
3191
3192
3194
3194
3194
3194
3196
3197
3198
3199
3199
3200
3201
3201
3202
3202
3203
3203
3203
3203
3204
3206
3207
3207
3208
3208
3209
3210
3211
3214
3216
3216
3220
3220
3221
3221
3221
3221
3222
3223
3224
3226
3229
3231
3233
3234
3238
3238
3239
3240
3242
3243
3245
3246
3248
3250
3250
3253
3253
3254
3256
3256
3256
3258
3260
3260
3261
3261
3266
3266
3267
3269
3272
3272
3272
3273
3274
3274
3275
3280
3281
3282
3282
3287
3288
3289
3289
3291
3294
3294
3295
3296
3296
3297
3297
3298
3298
3299
3302
3302
3303
3304
3304
3304
3305
3305
3305
3306
3307
3308
3309
3309
3309
3310
3312
3313
3315
3316
3316
3317
3317
3320
3321
3322
3324
3324
3326
3326
3328
3328
3329
3329
3329
3330
3333
3334
3335
3336
3337
3339
3341
3342
3343
3346
3347
3347
3347
3348
3349
3349
3352
3353
3353
3355
3356
3362
3362
3363
3363
3364
3365
3365
3368
3369
3370
3371
3372
3373
3373
3374
3376
3380
3382
3383
3385
3386
3387
3387
3388
3389
3389
3391
3391
3394
3395
3395
3398
3399
3399
3399
3400
3400
3401
3403
3403
3404
3404
3405
3406
3406
3409
3409
3410
3411
3412
3412
3413
3416
3416
3420
3422
3422
3423
3423
3427
3427
3427
3428
3428
3429
3429
3429
3430
3432
3433
3435
3436
3436
3438
3438
3438
3439
3439
3440
3441
3441
3442
3444
3445
3445
3445
3446
3447
3448
3448
3448
3449
3453
3454
3455
3456
3457
3459
3459
3459
3462
3462
3465
3466
3466
3467
3468
3469
3469
3470
3473
3473
3475
3475
3477
3479
3479
3481
3483
3484
3484
3485
3486
3486
3488
3488
3488
3489
3490
3492
3492
3493
3493
3494
3495
3496
3497
3498
3500
3502
3502
3502
3504
3504
3505
3506
3507
3507
3508
3515
3516
3516
3516
3519
3520
3522
3523
3524
3525
3525
3529
3530
3532
3533
3534
3534
3535
3535
3538
3538
3538
3539
3539
3540
3541
3541
3542
3542
3543
3544
3545
3546
3547
3548
3552
3555
3555
3557
3559
3559
3560
3560
3562
3563
3566
3566
3567
3567
3568
3568
3569
3569
3571
3573
3575
3577
3578
3579
3580
3581
3581
3588
3590
3590
3591
3592
3592
3593
3593
3594
3596
3596
3597
3597
3599
3599
3599
3601
3604
3604
3605
3607
3607
3609
3609
3609
3609
3611
3611
3611
3612
3613
3613
3616
3618
3621
3621
3622
3622
3624
3625
3626
3628
3628
3629
3631
3631
3631
3632
3634
3635
3638
3638
3640
3641
3641
3641
3641
3641
3643
3643
3645
3645
3646
3646
3647
3653
3653
3654
3654
3655
3656
3656
3657
3659
3660
3662
3662
3662
3663
3663
3663
3665
3666
3667
3667
3668
3670
3670
3675
3676
3676
3676
3678
3679
3684
3684
3684
3685
3686
3690
3691
3692
3694
3694
3695
3697
3698
3701
3701
3702
3702
3703
3704
3704
3705
3707
3709
3712
3714
3714
3715
3717
3719
3719
3721
3722
3723
3724
3725
3726
3727
3727
3728
3728
3729
3730
3732
3732
3732
3733
3736
3737
3737
3739
3739
3739
3740
3741
3742
3746
3746
3746
3747
3749
3749
3750
3750
3751
3751
3751
3751
3752
3753
3754
3756
3757
3758
3761
3761
3762
3763
3763
3764
3765
3765
3765
3767
3768
3768
3769
3769
3770
3770
3771
3771
3774
3777
3778
3779
3781
3781
3782
3783
3784
3786
3786
3786
3787
3787
3788
3788
3790
3790
3791
3792
3792
3794
3795
3795
3798
3801
3802
3802
3803
3803
3805
3805
3806
3808
3809
3810
3810
3811
3812
3813
3813
3815
3815
3816
3817
3818
3819
3820
3821
3821
3822
3823
3826
3829
3829
3829
3829
3830
3830
3831
3832
3835
3837
3838
3841
3845
3845
3846
3847
3848
3848
3848
3850
3851
3851
3851
3852
3853
3853
3854
3854
3855
3856
3856
3857
3859
3859
3860
3866
3866
3866
3868
3869
3871
3872
3872
3873
3873
3874
3874
3877
3878
3881
3882
3883
3883
3883
3884
3885
3885
3885
3885
3886
3886
3889
3889
3889
3892
3892
3892
3895
3900
3902
3903
3903
3905
3905
3907
3908
3908
3909
3911
3914
3915
3915
3916
3916
3917
3917
3918
3918
3918
3919
3922
3923
3925
3925
3926
3927
3927
3927
3928
3929
3931
3934
3935
3939
3939
3939
3940
3940
3940
3941
3943
3943
3944
3945
3947
3947
3949
3950
3951
3952
3953
3953
3954
3955
3955
3957
3958
3959
3959
3960
3961
3961
3965
3965
3966
3968
3968
3969
3969
3969
3970
3970
3970
3970
3971
3971
3972
3974
3975
3978
3979
3980
3980
3981
3984
3985
3985
3985
3986
3989
3990
3991
3994
3995
3995
3997
3997
3998
3999
4000
4003
4003
4004
4005
4006
4006
4007
4007
4008
4008
4009
4011
4012
4012
4015
4016
4017
4018
4019
4019
4020
4021
4021
4024
4025
4026
4026
4027
4027
4027
4029
4030
4031
4032
4032
4033
4033
4033
4034
4035
4036
4037
4037
4038
4039
4039
4040
4040
4041
4043
4043
4043
4047
4047
4048
4049
4050
4050
4054
4056
4056
4058
4058
4059
4060
4061
4062
4063
4063
4065
4066
4068
4068
4069
4069
4070
4070
4070
4071
4071
4071
4072
4072
4073
4073
4074
4076
4081
4082
4082
4083
4083
4083
4083
4084
4084
4085
4086
4088
4090
4091
4091
4092
4092
4092
4094
4095
4096
4096
4097
4098
4099
4100
4101
4102
4102
4104
4104
4106
4106
4107
4107
4108
4108
4110
4110
4111
4112
4112
4113
4113
4113
4114
4115
4120
4120
4121
4121
4123
4125
4125
4130
4131
4131
4131
4131
4131
4132
4133
4135
4135
4136
4136
4137
4137
4137
4137
4138
4139
4140
4141
4142
4143
4145
4145
4146
4147
4147
4148
4148
4149
4149
4150
4150
4151
4152
4155
4159
4162
4165
4166
4166
4168
4169
4169
4170
4172
4172
4174
4175
4175
4176
4177
4179
4180
4180
4181
4181
4183
4183
4184
4186
4186
4187
4191
4191
4191
4192
4192
4194
4194
4195
4195
4196
4196
4197
4198
4198
4198
4198
4198
4199
4200
4202
4206
4206
4207
4207
4208
4208
4209
4210
4212
4212
4213
4213
4214
4214
4214
4216
4216
4217
4219
4219
4222
4222
4222
4223
4224
4224
4224
4224
4225
4225
4226
4226
4227
4228
4229
4229
4231
4233
4236
4236
4239
4239
4241
4241
4242
4243
4243
4247
4251
4252
4254
4255
4256
4256
4258
4260
4261
4261
4265
4267
4267
4268
4268
4268
4269
4271
4272
4273
4274
4275
4275
4276
4277
4280
4282
4283
4283
4283
4284
4285
4286
4286
4287
4290
4290
4291
4292
4293
4294
4295
4295
4296
4297
4297
4299
4301
4303
4304
4304
4304
4305
4308
4309
4309
4309
4310
4310
4311
4312
4312
4315
4316
4316
4317
4318
4318
4318
4320
4320
4324
4324
4325
4325
4326
4327
4328
4329
4329
4329
4330
4331
4335
4336
4336
4336
4338
4338
4339
4340
4341
4343
4343
4344
4346
4347
4348
4350
4351
4351
4351
4353
4354
4354
4355
4356
4358
4359
4359
4361
4361
4363
4363
4364
4365
4366
4366
4367
4367
4370
4370
4374
4375
4376
4378
4385
4386
4386
4388
4390
4390
4392
4392
4394
4394
4396
4397
4397
4399
4399
4404
4404
4404
4405
4405
4406
4406
4406
4407
4408
4410
4411
4413
4414
4415
4416
4418
4418
4419
4424
4425
4428
4428
4429
4429
4431
4432
4432
4432
4433
4436
4436
4436
4438
4440
4441
4441
4443
4444
4445
4445
4446
4446
4447
4447
4448
4450
4452
4452
4454
4455
4455
4456
4456
4456
4458
4461
4462
4462
4463
4463
4464
4465
4466
4466
4466
4466
4466
4467
4468
4468
4472
4472
4473
4476
4477
4478
4479
4481
4482
4486
4486
4487
4488
4488
4489
4489
4489
4491
4491
4492
4492
4492
4492
4493
4493
4496
4496
4496
4496
4497
4501
4503
4505
4506
4506
4507
4507
4508
4508
4509
4510
4511
4511
4514
4519
4519
4520
4522
4523
4523
4523
4523
4524
4525
4526
4526
4526
4527
4527
4527
4527
4528
4529
4530
4530
4533
4534
4536
4537
4538
4538
4538
4538
4539
4540
4540
4541
4542
4543
4543
4544
4546
4546
4548
4550
4551
4551
4551
4552
4555
4556
4561
4562
4562
4563
4564
4565
4569
4571
4574
4577
4578
4580
4580
4581
4582
4582
4582
4583
4584
4584
4586
4587
4588
4588
4589
4590
4590
4593
4593
4595
4596
4597
4597
4599
4601
4603
4603
4605
4605
4605
4605
4606
4607
4608
4609
4611
4613
4614
4617
4618
4619
4619
4620
4622
4623
4624
4626
4626
4626
4627
4629
4629
4630
4632
4632
4634
4634
4635
4635
4636
4636
4636
4637
4641
4642
4645
4646
4647
4647
4648
4648
4648
4649
4651
4651
4653
4655
4657
4658
4659
4660
4661
4661
4661
4663
4663
4663
4664
4665
4666
4670
4672
4673
4673
4673
4674
4675
4677
4677
4678
4681
4681
4682
4683
4683
4684
4684
4685
4685
4686
4687
4688
4688
4689
4690
4697
4697
4698
4698
4698
4698
4699
4701
4702
4703
4703
4703
4705
4705
4705
4706
4707
4711
4713
4715
4716
4719
4719
4720
4720
4720
4721
4722
4722
4723
4723
4723
4725
4726
4729
4731
4732
4733
4733
4734
4734
4736
4737
4740
4742
4745
4746
4747
4747
4750
4752
4753
4754
4755
4758
4758
4760
4761
4762
4763
4763
4764
4765
4765
4766
4768
4769
4769
4772
4773
4774
4774
4774
4775
4775
4775
4777
4778
4778
4778
4778
4779
4779
4780
4780
4781
4781
4784
4784
4785
4785
4787
4787
4788
4789
4789
4789
4790
4792
4793
4794
4797
4797
4799
4801
4802
4802
4808
4811
4811
4812
4812
4813
4813
4813
4814
4815
4815
4815
4815
4816
4816
4816
4817
4817
4818
4818
4819
4820
4822
4822
4823
4824
4824
4825
4826
4826
4827
4828
4829
4829
4830
4831
4832
4832
4832
4833
4833
4834
4834
4836
4836
4839
4840
4840
4841
4841
4842
4842
4845
4851
4853
4854
4855
4856
4858
4860
4862
4862
4862
4863
4864
4864
4865
4865
4866
4866
4866
4871
4872
4873
4873
4874
4875
4876
4876
4877
4877
4877
4883
4883
4883
4884
4884
4885
4885
4886
4888
4890
4894
4894
4894
4896
4897
4898
4899
4902
4903
4903
4904
4905
4906
4909
4909
4909
4910
4911
4912
4912
4914
4918
4919
4919
4919
4919
4920
4920
4921
4922
4922
4923
4924
4926
4927
4928
4932
4933
4933
4935
4935
4937
4939
4940
4943
4943
4945
4945
4945
4946
4947
4948
4950
4950
4951
4952
4952
4954
4957
4957
4958
4958
4960
4960
4961
4961
4962
4963
4963
4965
4967
4968
4968
4968
4968
4970
4970
4972
4975
4978
4979
4980
4981
4981
4982
4982
4982
4983
4983
4985
4985
4988
4991
4991
4996
4997
4997
5000
5003
5005
5005
5005
5006
5008
5009
5009
5010
5011
5011
5012
5013
5013
5014
5015
5015
5017
5018
5018
5018
5019
5019
5021
5021
5021
5022
5023
5023
5024
5024
5028
5028
5028
5030
5032
5033
5034
5034
5034
5037
5038
5038
5040
5043
5043
5044
5045
5047
5047
5048
5048
5051
5052
5054
5054
5054
5054
5055
5056
5056
5057
5057
5057
5058
5058
5058
5059
5061
5063
5067
5067
5070
5070
5071
5072
5074
5075
5075
5076
5077
5077
5080
5081
5082
5082
5083
5083
5083
5084
5084
5085
5087
5088
5089
5090
5090
5091
5091
5093
5093
5097
5097
5099
5100
5100
5106
5106
5107
5107
5108
5108
5109
5110
5110
5110
5112
5113
5114
5114
5114
5116
5118
5118
5119
5121
5121
5122
5123
5123
5124
5124
5125
5126
5126
5126
5126
5127
5129
5129
5129
5129
5129
5129
5132
5134
5136
5136
5136
5136
5136
5136
5136
5137
5138
5141
5141
5142
5144
5144
5147
5148
5148
5149
5151
5153
5153
5154
5155
5155
5155
5155
5156
5157
5157
5159
5160
5161
5163
5165
5166
5167
5167
5168
5171
5172
5172
5174
5174
5174
5176
5177
5178
5178
5178
5179
5179
5180
5180
5180
5181
5182
5184
5186
5188
5188
5189
5189
5190
5191
5192
5192
5192
5193
5193
5194
5194
5196
5196
5197
5197
5197
5198
5199
5200
5200
5203
5203
5204
5205
5206
5206
5206
5206
5206
5207
5208
5209
5210
5210
5212
5214
5216
5219
5219
5220
5221
5222
5223
5223
5224
5225
5226
5226
5226
5227
5227
5227
5228
5230
5230
5231
5231
5231
5231
5232
5233
5233
5234
5234
5234
5238
5239
5239
5241
5245
5245
5247
5247
5248
5248
5250
5251
5252
5252
5253
5253
5254
5256
5258
5258
5259
5259
5260
5260
5261
5261
5261
5261
5262
5265
5267
5270
5270
5270
5270
5270
5270
5271
5271
5272
5274
5275
5277
5278
5278
5280
5281
5281
5282
5283
5285
5287
5287
5288
5289
5290
5290
5291
5291
5291
5292
5297
5300
5303
5303
5305
5306
5307
5308
5308
5309
5311
5312
5313
5313
5315
5316
5317
5317
5319
5320
5321
5321
5322
5323
5324
5324
5324
5326
5326
5327
5328
5328
5329
5330
5330
5330
5332
5332
5332
5333
5333
5334
5334
5335
5335
5337
5337
5337
5339
5339
5340
5340
5342
5343
5345
5348
5351
5352
5352
5354
5357
5358
5362
5363
5366
5367
5367
5367
5369
5371
5372
5376
5376
5376
5378
5380
5381
5381
5381
5382
5382
5383
5383
5383
5386
5387
5388
5388
5389
5390
5390
5390
5390
5391
5392
5392
5392
5393
5395
5395
5395
5397
5397
5398
5399
5400
5401
5401
5401
5404
5405
5406
5407
5408
5410
5411
5412
5412
5413
5413
5414
5414
5414
5415
5416
5418
5422
5423
5424
5425
5427
5427
5429
5430
5431
5432
5432
5433
5433
5433
5436
5437
5440
5443
5444
5446
5446
5447
5450
5450
5451
5452
5452
5457
5458
5459
5459
5463
5464
5464
5466
5467
5469
5470
5470
5473
5473
5474
5476
5479
5479
5481
5481
5482
5482
5483
5484
5484
5484
5484
5485
5485
5487
5487
5488
5488
5489
5490
5490
5490
5495
5495
5496
5497
5497
5497
5498
5500
5501
5504
5505
5505
5507
5508
5508
5509
5509
5510
5510
5511
5511
5513
5514
5514
5516
5516
5516
5516
5519
5519
5519
5519
5520
5521
5523
5523
5525
5526
5526
5527
5529
5531
5531
5533
5534
5534
5534
5534
5536
5538
5538
5539
5539
5540
5540
5541
5543
5545
5546
5546
5547
5547
5547
5549
5549
5549
5551
5552
5553
5555
5555
5556
5557
5558
5558
5559
5560
5563
5563
5564
5566
5567
5568
5572
5573
5574
5574
5576
5576
5577
5577
5579
5585
5585
5588
5588
5591
5592
5592
5592
5594
5596
5602
5603
5604
5605
5606
5606
5608
5608
5609
5609
5610
5611
5612
5612
5613
5613
5613
5614
5614
5615
5616
5617
5617
5618
5623
5623
5624
5625
5626
5627
5628
5630
5631
5631
5632
5633
5634
5634
5634
5635
5636
5636
5639
5639
5639
5640
5642
5643
5643
5643
5644
5644
5645
5648
5649
5651
5652
5653
5655
5656
5658
5658
5658
5658
5658
5659
5661
5662
5663
5663
5665
5666
5667
5667
5667
5668
5669
5669
5670
5670
5670
5673
5673
5673
5674
5674
5676
5677
5678
5678
5680
5680
5681
5682
5683
5684
5684
5684
5686
5689
5689
5690
5691
5691
5691
5696
5696
5696
5701
5703
5704
5704
5704
5706
5706
5707
5707
5710
5710
5713
5715
5717
5720
5720
5722
5724
5725
5727
5728
5728
5728
5729
5729
5730
5730
5731
5731
5732
5734
5734
5734
5737
5738
5738
5738
5739
5740
5740
5740
5741
5741
5741
5742
5742
5743
5744
5745
5745
5746
5746
5746
5746
5747
5747
5747
5747
5750
5750
5752
5753
5753
5754
5755
5756
5757
5758
5758
5759
5761
5765
5766
5766
5766
5766
5767
5768
5770
5771
5772
5773
5775
5777
5777
5777
5777
5777
5777
5778
5781
5782
5786
5786
5787
5787
5787
5787
5787
5789
5790
5790
5791
5794
5798
5798
5799
5800
5801
5803
5805
5806
5808
5808
5809
5809
5810
5810
5810
5812
5812
5813
5813
5815
5815
5816
5816
5819
5820
5821
5821
5822
5825
5826
5827
5828
5830
5837
5840
5840
5841
5842
5842
5843
5844
5847
5850
5853
5853
5853
5854
5856
5858
5858
5859
5859
5861
5862
5862
5867
5868
5870
5872
5872
5873
5873
5873
5873
5874
5876
5876
5877
5879
5880
5880
5882
5882
5884
5885
5885
5887
5889
5889
5890
5890
5891
5892
5892
5893
5894
5894
5896
5896
5897
5899
5899
5899
5900
5902
5904
5905
5906
5906
5908
5910
5910
5911
5913
5914
5915
5916
5917
5918
5918
5919
5921
5923
5924
5925
5928
5928
5929
5931
5933
5933
5934
5935
5936
5937
5939
5939
5940
5942
5942
5946
5947
5951
5954
5955
5956
5956
5957
5958
5959
5959
5964
5964
5966
5968
5970
5972
5973
5973
5973
5974
5975
5975
5975
5976
5978
5978
5979
5979
5980
5980
5980
5980
5981
5983
5985
5986
5987
5987
5988
5989
5992
5992
5993
5995
5995
5996
5996
5998
5998
5999
5999
5999
6002
6003
6004
6004
6005
6006
6006
6007
6008
6009
6010
6010
6011
6013
6017
6018
6018
6019
6022
6022
6022
6022
6022
6023
6025
6026
6027
6028
6030
6030
6030
6033
6033
6034
6035
6035
6036
6036
6037
6037
6038
6039
6039
6039
6040
6042
6043
6044
6045
6046
6047
6047
6047
6048
6049
6049
6050
6050
6051
6051
6052
6052
6053
6053
6053
6054
6054
6056
6056
6057
6058
6058
6059
6063
6065
6065
6065
6065
6066
6067
6067
6067
6069
6071
6071
6071
6071
6072
6073
6073
6073
6074
6074
6075
6075
6076
6076
6077
6077
6078
6079
6079
6082
6084
6084
6091
6091
6093
6095
6096
6099
6099
6101
6101
6102
6102
6104
6104
6105
6106
6107
6107
6109
6110
6111
6111
6116
6117
6117
6119
6119
6120
6121
6123
6124
6124
6125
6127
6127
6128
6129
6129
6130
6131
6131
6131
6132
6132
6133
6133
6133
6134
6135
6136
6137
6139
6140
6140
6142
6142
6143
6144
6144
6144
6145
6145
6146
6147
6147
6150
6150
6150
6152
6152
6153
6154
6155
6155
6156
6156
6157
6158
6158
6158
6159
6159
6159
6161
6163
6165
6166
6169
6169
6169
6170
6170
6173
6173
6174
6174
6175
6175
6175
6176
6176
6176
6177
6178
6179
6181
6182
6182
6184
6185
6187
6188
6189
6190
6195
6195
6197
6197
6197
6198
6198
6198
6201
6201
6201
6201
6202
6205
6207
6209
6209
6211
6212
6215
6215
6216
6217
6217
6218
6219
6220
6220
6221
6222
6222
6222
6223
6223
6224
6225
6225
6225
6225
6226
6227
6227
6228
6228
6229
6229
6229
6229
6230
6230
6231
6231
6235
6235
6235
6239
6239
6240
6241
6241
6241
6243
6243
6243
6243
6244
6244
6244
6245
6245
6246
6247
6247
6250
6251
6251
6253
6253
6255
6255
6255
6256
6256
6256
6257
6257
6257
6259
6259
6260
6262
6264
6265
6265
6265
6267
6268
6269
6270
6271
6271
6272
6272
6272
6272
6272
6272
6272
6274
6274
6275
6276
6277
6280
6285
6285
6288
6290
6290
6290
6291
6292
6292
6294
6297
6299
6299
6300
6301
6301
6301
6303
6306
6307
6308
6308
6311
6312
6313
6314
6315
6317
6318
6318
6320
6320
6321
6322
6324
6327
6328
6329
6331
6333
6333
6334
6334
6334
6336
6337
6339
6339
6339
6341
6342
6342
6343
6344
6344
6348
6348
6349
6349
6350
6350
6350
6352
6355
6355
6355
6356
6358
6359
6359
6359
6361
6361
6363
6365
6368
6369
6369
6370
6372
6376
6377
6381
6382
6382
6383
6387
6387
6387
6387
6388
6388
6388
6389
6389
6389
6390
6392
6392
6393
6395
6397
6397
6399
6401
6401
6403
6405
6406
6407
6408
6408
6408
6409
6410
6412
6413
6414
6414
6415
6415
6415
6416
6419
6423
6424
6424
6425
6427
6427
6429
6429
6429
6430
6430
6430
6432
6433
6433
6433
6434
6435
6435
6436
6436
6437
6438
6441
6441
6442
6443
6443
6445
6445
6445
6445
6446
6446
6446
6447
6447
6448
6449
6449
6449
6450
6450
6451
6451
6452
6452
6452
6453
6453
6455
6455
6456
6457
6458
6459
6461
6462
6462
6464
6467
6467
6468
6468
6468
6469
6469
6469
6469
6469
6470
6472
6474
6474
6477
6478
6480
6481
6481
6481
6483
6484
6485
6487
6487
6488
6489
6490
6490
6491
6493
6493
6493
6494
6497
6497
6499
6500
6500
6502
6504
6504
6505
6506
6509
6509
6510
6510
6511
6511
6512
6513
6514
6516
6522
6523
6524
6528
6529
6529
6531
6531
6533
6534
6538
6539
6539
6539
6542
6542
6543
6544
6546
6546
6547
6548
6549
6549
6550
6550
6550
6551
6553
6553
6555
6555
6556
6557
6558
6560
6562
6563
6568
6568
6568
6570
6573
6575
6576
6577
6578
6578
6580
6581
6581
6583
6583
6584
6585
6586
6586
6586
6586
6587
6587
6588
6588
6588
6589
6591
6592
6592
6592
6593
6594
6594
6595
6595
6596
6597
6599
6600
6600
6601
6601
6608
6609
6610
6611
6613
6615
6615
6616
6616
6617
6617
6618
6618
6619
6619
6619
6620
6622
6623
6623
6624
6624
6625
6625
6629
6631
6633
6633
6634
6634
6637
6637
6638
6640
6641
6644
6645
6646
6646
6646
6648
6648
6648
6648
6650
6651
6651
6652
6653
6654
6654
6656
6657
6657
6658
6658
6659
6660
6661
6661
6663
6664
6665
6665
6666
6667
6668
6668
6668
6669
6669
6669
6670
6670
6670
6671
6672
6672
6673
6673
6674
6676
6677
6678
6679
6680
6682
6682
6682
6682
6683
6684
6685
6686
6686
6686
6688
6688
6688
6689
6689
6692
6693
6693
6694
6694
6696
6698
6698
6700
6700
6701
6702
6702
6702
6703
6704
6705
6706
6707
6708
6710
6711
6712
6713
6713
6714
6714
6714
6718
6719
6723
6724
6725
6725
6726
6727
6727
6728
6729
6729
6730
6732
6734
6735
6736
6737
6738
6738
6738
6742
6743
6744
6747
6747
6747
6748
6749
6751
6752
6753
6754
6754
6755
6755
6756
6758
6758
6759
6760
6761
6762
6764
6764
6764
6765
6767
6767
6767
6767
6768
6769
6769
6769
6769
6771
6772
6772
6773
6774
6775
6777
6778
6778
6781
6781
6781
6781
6782
6782
6783
6783
6784
6785
6789
6791
6791
6791
6792
6792
6793
6794
6794
6795
6795
6796
6797
6798
6799
6800
6802
6802
6803
6803
6804
6804
6806
6806
6811
6814
6814
6817
6817
6817
6819
6820
6820
6821
6821
6822
6822
6824
6824
6825
6826
6826
6827
6828
6828
6829
6829
6829
6830
6830
6830
6830
6830
6832
6832
6832
6833
6834
6836
6838
6838
6838
6839
6841
6842
6843
6844
6846
6846
6846
6846
6847
6848
6848
6848
6848
6849
6850
6851
6851
6851
6852
6853
6854
6855
6856
6857
6858
6859
6859
6861
6864
6865
6866
6866
6866
6866
6866
6869
6869
6869
6871
6871
6873
6873
6874
6874
6876
6877
6877
6878
6878
6879
6880
6880
6880
6880
6881
6886
6886
6888
6895
6895
6895
6895
6897
6897
6897
6898
6898
6898
6898
6899
6899
6899
6902
6903
6904
6904
6905
6908
6910
6910
6912
6913
6914
6915
6915
6915
6916
6918
6918
6918
6921
6923
6926
6928
6928
6930
6930
6930
6932
6932
6932
6934
6937
6937
6938
6939
6939
6940
6940
6942
6942
6942
6943
6945
6946
6947
6948
6949
6951
6952
6952
6952
6953
6953
6953
6953
6954
6955
6957
6957
6959
6962
6966
6966
6968
6968
6970
6971
6974
6975
6976
6976
6976
6978
6978
6979
6981
6982
6983
6984
6985
6989
6989
6990
6990
6990
6992
6992
6993
6995
6995
6996
6997
6998
6998
7001
7001
7002
7003
7005
7006
7007
7008
7008
7008
7009
7010
7011
7012
7013
7014
7015
7016
7016
7017
7017
7019
7020
7021
7022
7023
7023
7023
7024
7024
7026
7027
7028
7028
7028
7032
7033
7033
7035
7035
7038
7039
7040
7041
7042
7042
7043
7043
7045
7046
7047
7047
7047
7047
7051
7052
7052
7052
7054
7055
7056
7057
7058
7058
7058
7060
7061
7063
7064
7064
7068
7070
7071
7071
7073
7075
7076
7078
7079
7080
7081
7082
7083
7085
7085
7085
7085
7085
7085
7087
7087
7090
7092
7092
7092
7093
7093
7093
7093
7093
7094
7095
7095
7097
7099
7100
7103
7103
7107
7107
7108
7109
7109
7112
7113
7115
7116
7116
7119
7120
7121
7121
7123
7123
7124
7125
7125
7125
7126
7126
7126
7127
7127
7129
7129
7130
7131
7131
7133
7134
7134
7138
7138
7139
7139
7141
7141
7141
7141
7142
7143
7143
7143
7145
7147
7148
7152
7156
7157
7158
7159
7160
7160
7161
7162
7162
7164
7164
7165
7166
7167
7167
7168
7172
7172
7173
7175
7177
7178
7178
7178
7179
7180
7181
7181
7183
7184
7184
7184
7185
7185
7185
7185
7187
7189
7190
7192
7193
7193
7194
7194
7194
7196
7198
7199
7199
7200
7200
7200
7200
7201
7202
7204
7204
7208
7208
7210
7210
7211
7212
7212
7214
7216
7217
7217
7219
7220
7221
7222
7223
7224
7224
7224
7225
7225
7226
7228
7228
7230
7230
7232
7235
7235
7237
7237
7237
7238
7239
7239
7241
7242
7242
7244
7244
7244
7247
7247
7247
7248
7248
7248
7248
7250
7250
7250
7250
7255
7258
7258
7260
7261
7264
7265
7266
7267
7268
7268
7268
7272
7272
7273
7275
7277
7277
7278
7278
7279
7279
7282
7282
7283
7284
7288
7288
7288
7293
7294
7295
7298
7298
7298
7300
7300
7301
7302
7303
7304
7304
7305
7305
7305
7306
7307
7307
7308
7309
7309
7310
7312
7314
7314
7316
7316
7320
7321
7321
7326
7327
7329
7330
7330
7330
7330
7330
7333
7336
7338
7339
7339
7339
7340
7340
7341
7343
7344
7345
7347
7347
7348
7350
7351
7352
7355
7355
7355
7356
7357
7358
7359
7359
7360
7361
7362
7363
7364
7365
7367
7368
7368
7368
7370
7371
7373
7373
7375
7375
7376
7378
7380
7382
7384
7385
7386
7386
7390
7391
7393
7393
7393
7395
7395
7396
7397
7397
7398
7398
7400
7402
7403
7406
7406
7406
7407
7407
7408
7408
7409
7409
7409
7412
7413
7414
7414
7415
7416
7418
7418
7419
7423
7424
7429
7432
7432
7434
7434
7434
7437
7437
7438
7441
7441
7441
7442
7442
7442
7443
7443
7445
7446
7446
7447
7451
7452
7452
7453
7453
7454
7455
7455
7455
7456
7457
7458
7459
7459
7460
7460
7461
7464
7468
7469
7472
7473
7476
7477
7478
7479
7479
7480
7481
7481
7481
7481
7482
7483
7484
7485
7486
7487
7488
7488
7490
7491
7491
7491
7492
7495
7496
7496
7498
7498
7498
7499
7499
7500
7501
7501
7501
7502
7502
7502
7503
7503
7503
7504
7505
7505
7505
7508
7509
7510
7511
7512
7513
7513
7513
7514
7514
7517
7520
7522
7523
7523
7523
7524
7524
7525
7525
7527
7529
7530
7531
7532
7532
7533
7533
7535
7535
7535
7536
7536
7537
7537
7537
7538
7538
7538
7538
7539
7539
7540
7540
7541
7541
7542
7544
7545
7546
7547
7552
7552
7554
7555
7555
7556
7558
7560
7562
7562
7564
7565
7566
7566
7566
7567
7567
7568
7568
7569
7570
7571
7572
7572
7575
7575
7575
7576
7577
7578
7578
7579
7579
7579
7581
7582
7583
7583
7583
7584
7587
7588
7589
7589
7590
7591
7592
7594
7597
7597
7598
7598
7598
7600
7601
7601
7601
7601
7603
7603
7604
7604
7608
7608
7608
7610
7611
7612
7617
7617
7619
7620
7621
7621
7622
7623
7623
7625
7631
7631
7631
7631
7634
7638
7639
7639
7640
7640
7641
7641
7642
7644
7644
7644
7646
7649
7652
7653
7655
7655
7656
7657
7657
7660
7661
7661
7661
7661
7662
7663
7663
7663
7665
7667
7668
7668
7668
7669
7669
7670
7670
7670
7673
7674
7676
7676
7678
7678
7679
7679
7680
7681
7682
7682
7683
7683
7683
7684
7685
7685
7685
7686
7686
7688
7689
7690
7691
7691
7693
7694
7695
7695
7695
7695
7698
7700
7700
7700
7701
7703
7703
7703
7704
7705
7706
7707
7711
7711
7711
7712
7712
7716
7717
7717
7718
7719
7719
7719
7720
7724
7725
7726
7728
7729
7731
7732
7732
7732
7732
7733
7733
7733
7734
7735
7735
7737
7737
7738
7738
7740
7742
7742
7745
7746
7747
7749
7750
7751
7751
7751
7751
7752
7752
7753
7753
7754
7755
7755
7756
7757
7758
7758
7758
7758
7759
7760
7761
7763
7765
7765
7768
7770
7770
7771
7772
7772
7774
7774
7774
7775
7775
7776
7777
7780
7780
7782
7784
7784
7785
7786
7787
7791
7793
7796
7798
7798
7799
7799
7799
7804
7804
7806
7809
7809
7809
7810
7810
7814
7815
7818
7819
7821
7823
7825
7828
7828
7829
7834
7836
7841
7841
7841
7841
7842
7843
7844
7844
7844
7846
7848
7848
7850
7851
7852
7853
7854
7855
7858
7858
7858
7861
7862
7862
7864
7864
7865
7870
7870
7871
7872
7874
7874
7874
7875
7876
7876
7877
7877
7878
7878
7879
7879
7882
7883
7883
7885
7886
7887
7887
7887
7889
7891
7891
7892
7893
7894
7894
7895
7895
7903
7903
7905
7912
7915
7916
7917
7917
7918
7918
7919
7919
7919
7920
7921
7923
7926
7928
7928
7928
7929
7929
7931
7931
7931
7935
7935
7936
7937
7938
7939
7940
7942
7943
7945
7945
7949
7950
7950
7951
7951
7951
7951
7954
7954
7957
7957
7958
7959
7960
7964
7965
7965
7965
7966
7966
7966
7970
7971
7971
7972
7972
7972
7972
7973
7973
7973
7974
7975
7976
7977
7980
7982
7984
7984
7987
7988
7988
7989
7990
7990
7991
7992
7992
7994
7995
7995
7997
7998
7998
7998
7998
7998
7998
7999
7999
7999
8000
8001
8001
8002
8003
8004
8004
8005
8008
8008
8010
8011
8011
8012
8013
8018
8019
8020
8020
8021
8022
8023
8024
8024
8024
8024
8024
8026
8027
8027
8028
8028
8029
8029
8031
8032
8032
8033
8033
8033
8033
8037
8037
8037
8039
8041
8045
8045
8045
8047
8047
8048
8050
8051
8052
8052
8054
8054
8055
8056
8056
8057
8057
8059
8060
8061
8062
8064
8065
8065
8069
8070
8070
8071
8072
8074
8075
8075
8076
8076
8076
8076
8079
8079
8083
8089
8090
8090
8091
8092
8092
8096
8096
8100
8100
8101
8102
8104
8104
8106
8107
8108
8108
8108
8110
8112
8112
8113
8115
8116
8117
8117
8117
8117
8117
8120
8122
8122
8122
8124
8125
8125
8126
8128
8130
8130
8130
8131
8131
8132
8132
8133
8134
8135
8136
8137
8142
8144
8145
8145
8146
8146
8146
8147
8147
8147
8150
8151
8152
8153
8155
8156
8156
8156
8157
8157
8158
8159
8160
8161
8161
8161
8161
8164
8165
8165
8165
8166
8166
8168
8169
8171
8172
8174
8175
8175
8175
8176
8176
8177
8180
8181
8182
8182
8183
8183
8185
8185
8185
8185
8186
8187
8187
8188
8188
8188
8190
8191
8192
8195
8195
8199
8203
8203
8204
8204
8206
8207
8209
8210
8211
8212
8215
8215
8216
8216
8216
8217
8217
8217
8219
8219
8222
8224
8225
8227
8227
8227
8229
8230
8231
8233
8233
8233
8235
8236
8237
8237
8237
8238
8239
8240
8242
8242
8243
8245
8246
8248
8251
8251
8252
8253
8254
8255
8255
8257
8257
8258
8259
8259
8260
8261
8262
8264
8264
8265
8265
8268
8274
8274
8275
8275
8276
8277
8278
8279
8280
8281
8283
8288
8289
8289
8290
8291
8293
8294
8296
8296
8296
8296
8297
8299
8299
8301
8304
8305
8306
8306
8307
8309
8311
8312
8312
8313
8314
8315
8316
8317
8318
8318
8320
8321
8321
8323
8324
8326
8327
8327
8331
8332
8335
8336
8336
8336
8338
8338
8338
8339
8340
8340
8341
8342
8343
8344
8345
8348
8348
8349
8350
8350
8355
8355
8355
8356
8357
8358
8359
8360
8365
8366
8369
8371
8371
8371
8371
8375
8376
8377
8378
8379
8379
8381
8381
8381
8383
8384
8385
8385
8387
8387
8387
8388
8389
8389
8391
8393
8393
8394
8395
8395
8397
8397
8398
8398
8399
8400
8400
8400
8400
8401
8402
8403
8404
8404
8408
8408
8411
8412
8412
8414
8415
8416
8416
8416
8417
8417
8418
8418
8424
8424
8425
8425
8426
8426
8426
8426
8426
8426
8427
8428
8428
8429
8429
8431
8435
8436
8437
8441
8441
8445
8446
8447
8447
8447
8448
8448
8449
8450
8451
8452
8453
8455
8455
8456
8457
8457
8458
8458
8459
8461
8461
8461
8461
8462
8465
8467
8467
8467
8467
8469
8470
8470
8471
8473
8474
8474
8475
8475
8476
8477
8481
8481
8482
8483
8484
8485
8486
8487
8487
8487
8488
8489
8491
8492
8493
8494
8497
8497
8498
8500
8502
8502
8503
8503
8503
8505
8506
8507
8507
8507
8507
8507
8508
8509
8510
8510
8514
8514
8515
8516
8516
8517
8517
8517
8518
8520
8521
8521
8523
8524
8525
8525
8526
8526
8526
8527
8528
8529
8530
8530
8532
8533
8539
8540
8540
8541
8544
8544
8544
8546
8546
8548
8548
8549
8549
8550
8551
8552
8554
8556
8558
8558
8559
8560
8561
8561
8565
8567
8567
8567
8568
8570
8570
8570
8571
8571
8572
8572
8574
8575
8575
8577
8581
8583
8585
8585
8586
8587
8590
8591
8592
8593
8595
8595
8598
8600
8603
8604
8605
8605
8606
8606
8607
8607
8608
8610
8612
8612
8613
8613
8613
8614
8615
8617
8618
8619
8620
8624
8624
8624
8625
8626
8627
8627
8628
8628
8628
8629
8629
8629
8630
8631
8631
8633
8633
8633
8635
8635
8635
8636
8637
8639
8642
8650
8651
8652
8652
8653
8653
8655
8655
8655
8657
8657
8658
8659
8660
8661
8662
8665
8666
8669
8670
8672
8674
8674
8674
8675
8676
8676
8677
8677
8678
8678
8678
8679
8679
8681
8682
8682
8686
8687
8688
8689
8690
8691
8694
8698
8698
8699
8699
8700
8701
8702
8703
8703
8705
8705
8708
8709
8710
8712
8712
8715
8715
8716
8718
8718
8719
8719
8720
8722
8724
8725
8726
8726
8726
8727
8727
8727
8729
8731
8732
8733
8733
8735
8736
8737
8739
8740
8741
8742
8747
8748
8748
8751
8752
8752
8752
8753
8753
8755
8755
8757
8760
8760
8761
8762
8762
8763
8763
8763
8765
8765
8766
8767
8767
8771
8772
8774
8776
8777
8777
8778
8778
8778
8780
8780
8780
8780
8781
8781
8781
8782
8783
8784
8785
8785
8785
8785
8786
8786
8787
8788
8788
8789
8790
8791
8791
8791
8792
8797
8800
8801
8801
8801
8805
8805
8807
8808
8810
8811
8813
8813
8815
8817
8818
8819
8819
8821
8824
8824
8825
8826
8826
8827
8828
8829
8829
8830
8830
8831
8836
8837
8837
8838
8838
8838
8838
8839
8840
8844
8844
8846
8847
8848
8848
8850
8850
8850
8851
8851
8851
8852
8852
8853
8854
8855
8856
8857
8860
8861
8862
8863
8863
8864
8864
8865
8865
8866
8866
8867
8868
8872
8873
8873
8874
8875
8876
8876
8876
8876
8877
8878
8878
8880
8881
8882
8884
8888
8889
8890
8890
8892
8893
8894
8895
8895
8896
8897
8898
8898
8898
8899
8899
8902
8902
8903
8904
8905
8906
8907
8909
8909
8911
8912
8913
8915
8916
8917
8917
8917
8918
8919
8919
8920
8921
8922
8922
8923
8923
8923
8924
8924
8924
8924
8925
8925
8928
8928
8930
8933
8935
8935
8936
8937
8941
8941
8942
8943
8943
8943
8944
8944
8945
8948
8948
8953
8954
8955
8955
8955
8956
8957
8957
8958
8958
8961
8962
8963
8963
8964
8967
8967
8967
8968
8968
8969
8971
8972
8973
8973
8975
8977
8978
8978
8980
8981
8981
8981
8981
8981
8985
8985
8989
8990
8990
8990
8991
8991
8991
8992
8993
8994
8995
8995
8995
8996
8996
8996
8997
8997
8997
8999
9000
9001
9001
9003
9004
9004
9005
9005
9011
9012
9013
9013
9014
9016
9017
9017
9018
9019
9019
9020
9022
9023
9023
9024
9024
9026
9026
9027
9028
9028
9028
9029
9031
9031
9035
9036
9037
9038
9039
9040
9042
9043
9045
9045
9047
9049
9051
9051
9052
9052
9052
9054
9054
9054
9059
9061
9062
9063
9064
9064
9068
9069
9071
9072
9073
9073
9075
9077
9078
9079
9079
9079
9080
9081
9081
9082
9082
9083
9084
9086
9087
9087
9088
9089
9089
9091
9091
9092
9092
9095
9096
9098
9099
9100
9101
9101
9102
9104
9105
9110
9110
9112
9112
9113
9114
9114
9116
9118
9118
9118
9119
9120
9121
9124
9125
9125
9127
9127
9129
9129
9130
9130
9131
9131
9132
9138
9139
9139
9139
9142
9143
9146
9146
9147
9148
9150
9154
9154
9155
9157
9158
9158
9159
9160
9160
9161
9162
9162
9163
9163
9164
9164
9164
9165
9167
9168
9169
9169
9169
9170
9173
9173
9173
9174
9175
9175
9175
9176
9178
9180
9183
9184
9185
9185
9186
9187
9190
9190
9190
9192
9193
9193
9193
9194
9196
9196
9196
9196
9197
9197
9197
9199
9200
9201
9203
9203
9203
9205
9206
9206
9206
9207
9208
9208
9211
9214
9216
9217
9217
9218
9219
9221
9221
9221
9223
9224
9225
9225
9226
9226
9227
9227
9228
9230
9233
9233
9234
9234
9235
9235
9235
9237
9238
9239
9240
9241
9241
9241
9242
9243
9246
9247
9248
9250
9254
9254
9256
9257
9258
9258
9259
9260
9260
9261
9262
9265
9266
9266
9266
9268
9270
9270
9271
9272
9274
9278
9279
9279
9280
9282
9283
9286
9286
9288
9288
9291
9292
9292
9292
9293
9293
9295
9295
9297
9298
9298
9300
9301
9301
9305
9306
9306
9307
9308
9308
9309
9311
9312
9316
9317
9318
9320
9320
9322
9323
9324
9324
9325
9325
9326
9326
9326
9326
9326
9327
9327
9328
9328
9330
9331
9331
9332
9332
9333
9335
9337
9338
9338
9340
9340
9340
9340
9340
9340
9342
9344
9344
9346
9347
9348
9349
9349
9350
9351
9353
9354
9354
9355
9356
9357
9358
9359
9359
9359
9362
9362
9364
9366
9367
9367
9367
9368
9371
9371
9373
9373
9374
9374
9374
9374
9376
9376
9376
9378
9378
9380
9381
9382
9382
9383
9385
9386
9386
9388
9389
9390
9390
9391
9392
9393
9394
9394
9394
9396
9396
9398
9398
9399
9399
9401
9402
9402
9403
9404
9404
9406
9406
9406
9409
9409
9412
9412
9413
9415
9415
9420
9421
9423
9423
9424
9427
9429
9429
9430
9430
9431
9431
9432
9433
9433
9434
9436
9437
9437
9438
9439
9440
9440
9441
9442
9442
9446
9446
9446
9447
9447
9447
9448
9448
9450
9452
9452
9453
9454
9456
9457
9459
9459
9461
9462
9463
9465
9466
9466
9466
9466
9468
9469
9470
9471
9472
9473
9474
9474
9475
9475
9477
9477
9481
9482
9482
9484
9485
9485
9487
9487
9487
9488
9488
9492
9493
9493
9493
9495
9496
9498
9498
9499
9501
9501
9501
9502
9503
9503
9505
9507
9508
9509
9510
9510
9513
9514
9514
9515
9516
9517
9519
9519
9519
9519
9520
9520
9520
9521
9525
9525
9525
9528
9529
9529
9529
9531
9532
9532
9532
9533
9534
9535
9536
9539
9539
9539
9540
9540
9540
9541
9542
9543
9543
9544
9545
9549
9549
9551
9552
9553
9555
9557
9560
9560
9562
9562
9564
9566
9567
9568
9568
9568
9570
9570
9571
9572
9572
9574
9575
9575
9575
9577
9577
9579
9581
9583
9584
9586
9587
9588
9590
9590
9592
9593
9594
9595
9596
9599
9600
9601
9603
9603
9603
9604
9605
9606
9607
9608
9609
9610
9610
9611
9612
9614
9615
9615
9616
9616
9617
9618
9618
9618
9619
9619
9620
9620
9624
9627
9629
9631
9634
9634
9635
9637
9638
9639
9640
9640
9640
9641
9641
9642
9644
9645
9645
9646
9647
9651
9651
9652
9655
9657
9657
9660
9665
9667
9672
9673
9674
9675
9676
9676
9676
9676
9677
9677
9678
9679
9680
9681
9681
9684
9687
9694
9695
9696
9696
9700
9700
9701
9702
9704
9705
9706
9706
9707
9707
9708
9710
9710
9711
9711
9716
9717
9717
9717
9720
9721
9721
9723
9723
9724
9728
9731
9734
9736
9738
9738
9742
9742
9744
9744
9746
9747
9747
9752
9754
9756
9756
9759
9759
9759
9760
9760
9761
9763
9763
9764
9766
9766
9767
9768
9771
9772
9772
9773
9773
9774
9774
9774
9775
9776
9777
9777
9778
9779
9781
9781
9783
9783
9785
9785
9785
9790
9791
9792
9792
9793
9793
9794
9795
9795
9797
9800
9803
9803
9803
9804
9804
9808
9809
9809
9809
9810
9811
9811
9811
9813
9814
9816
9816
9816
9817
9818
9819
9819
9821
9824
9827
9828
9828
9829
9829
9830
9831
9832
9832
9832
9833
9833
9834
9834
9834
9836
9837
9837
9839
9839
9839
9840
9842
9842
9843
9844
9844
9844
9845
9847
9847
9848
9849
9849
9850
9852
9857
9860
9861
9861
9862
9862
9863
9864
9865
9866
9866
9867
9868
9869
9869
9871
9876
9877
9878
9878
9880
9880
9884
9885
9885
9885
9886
9886
9886
9886
9888
9888
9889
9889
9890
9894
9896
9898
9900
9900
9903
9905
9907
9907
9907
9908
9909
9909
9910
9910
9912
9912
9914
9914
9916
9917
9918
9918
9919
9920
9921
9923
9924
9924
9924
9925
9925
9928
9929
9929
9929
9930
9934
9935
9936
9937
9938
9939
9939
9940
9942
9944
9944
9945
9945
9945
9947
9947
9948
9949
9950
9950
9950
9950
9950
9951
9952
9953
9955
9955
9957
9958
9958
9958
9958
9959
9959
9961
9961
9961
9962
9963
9963
9965
9966
9966
9966
9967
9967
9968
9969
9971
9973
9973
9973
9976
9977
9980
9983
9983
9987
9987
9987
9987
9989
9990
9993
9993
9998
10000
