0
1
2
3
3
4
4
5
5
6
7
8
8
8
9
10
11
11
11
12
12
13
14
14
15
16
17
18
19
20
21
22
23
24
24
25
25
26
27
28
28
29
29
30
30
31
31
31
32
32
33
34
34
35
36
36
37
38
39
40
40
41
42
43
43
44
44
45
46
46
47
47
48
49
50
51
51
52
52
52
53
54
55
55
56
57
58
58
59
59
60
60
61
61
61
62
63
64
64
65
65
66
67
68
69
70
70
70
71
72
72
73
73
74
75
75
76
77
78
79
80
81
82
83
83
83
83
84
85
86
86
87
87
88
89
90
90
91
91
91
91
92
93
94
95
96
96
97
98
99
100
100
101
102
102
102
102
103
104
105
106
107
108
108
109
109
110
111
112
113
114
114
115
116
117
118
119
120
121
122
123
124
125
126
127
127
128
129
129
130
130
131
131
132
133
133
134
134
135
135
136
136
136
137
137
138
139
140
141
141
142
143
144
145
145
146
146
147
147
148
148
148
149
150
151
152
153
153
154
154
154
155
156
157
158
159
159
159
160
160
161
162
163
163
164
164
164
165
165
165
166
167
167
168
169
170
170
171
171
172
172
173
173
174
174
175
176
176
177
177
178
178
179
179
180
181
182
183
183
183
184
185
186
187
188
188
189
190
191
191
192
192
193
194
195
195
196
196
197
197
198
198
199
200
200
201
202
202
203
203
204
205
205
206
207
207
208
209
210
211
211
212
213
213
214
215
215
215
216
217
218
218
219
220
221
221
222
222
223
224
224
225
225
226
226
227
228
229
229
229
230
230
231
232
233
234
235
235
236
236
237
238
239
239
240
241
241
242
242
243
243
243
244
245
246
247
247
248
249
250
250
250
251
252
252
253
254
254
255
256
257
258
259
259
260
261
261
261
262
263
264
265
266
266
267
268
268
269
270
271
272
273
274
275
276
276
276
277
277
277
278
279
280
281
282
282
283
284
285
285
285
286
287
288
289
290
291
291
291
292
293
294
295
296
297
297
298
299
300
301
301
302
302
303
303
304
305
306
306
307
308
309
309
310
311
311
312
313
313
314
314
315
316
317
318
319
320
321
322
323
324
325
325
326
327
327
328
329
329
330
331
331
332
333
334
335
335
336
337
337
338
339
339
339
340
341
342
343
344
345
346
347
348
349
350
350
351
351
352
352
352
353
353
354
355
356
356
356
357
357
357
358
359
360
361
362
363
364
365
366
367
367
367
368
368
369
370
370
371
372
373
374
375
376
377
378
379
380
381
382
382
382
383
384
385
386
387
387
388
389
389
390
391
392
393
393
394
394
395
395
396
396
396
397
397
398
399
400
400
401
401
402
403
403
404
405
406
406
407
408
408
409
410
411
412
413
414
414
415
416
417
418
419
420
421
422
423
424
425
426
426
426
427
427
428
429
430
431
432
433
434
434
435
435
435
436
436
437
437
438
439
440
441
442
443
444
445
446
447
448
448
448
449
449
450
451
452
453
454
455
455
456
457
457
458
459
459
459
460
461
462
462
463
463
464
465
466
467
468
469
470
471
472
473
474
475
476
477
477
478
479
479
480
481
481
482
483
484
485
485
486
487
488
489
490
490
491
491
492
493
494
494
495
496
496
497
497
497
498
499
499
500
501
502
503
504
504
505
506
506
507
508
509
509
509
510
511
511
512
513
514
514
515
515
516
517
518
519
519
520
521
522
523
524
525
526
526
527
527
528
529
529
530
530
531
532
532
532
533
534
535
536
537
538
539
540
541
542
543
543
544
544
545
545
545
546
547
547
548
549
549
550
550
551
552
552
552
553
554
555
556
556
557
558
558
559
560
561
561
562
562
563
564
564
565
565
566
567
568
568
569
569
570
570
571
572
573
574
575
575
576
577
578
579
580
580
581
582
583
584
585
585
586
587
588
589
590
591
592
593
594
595
596
596
597
598
598
599
600
601
601
601
602
602
603
604
605
606
607
608
608
609
610
610
611
612
612
613
614
615
616
617
617
618
619
620
620
620
621
622
623
624
625
626
627
628
628
629
630
630
631
632
633
634
634
635
635
636
636
637
637
638
639
640
641
641
642
643
644
645
645
646
647
648
648
649
650
651
651
651
652
652
653
654
654
655
656
656
657
657
657
658
659
659
660
660
661
662
662
663
664
665
665
666
666
667
668
668
669
670
670
671
672
673
674
675
676
677
678
678
679
680
681
681
682
683
684
685
686
687
688
689
689
690
690
691
691
692
693
694
695
695
695
696
696
696
697
697
698
699
700
