30
183
331
63
324
68
336
330
203
23
259
270
168
194
57
212
43
230
174
22
120
185
138
399
325
316
371
14
327
92
181
357
274
63
371
197
82
306
126
285
328
337
106
47
130
114
258
125
296
383
146
15
168
235
365
44
151
288
9
77
379
189
385
204
252
355
400
333
261
77
169
140
13
227
187
95
340
396
171
235
379
268
202
98
103
118
93
253
357
102
281
287
242
266
90
45
220
41
330
32
118
98
172
82
276
310
128
168
257
298
354
187
166
107
284
220
225
329
72
133
30
304
20
271
169
109
316
341
150
197
324
219
246
47
252
122
356
380
289
165
229
242
351
394
301
235
165
125
115
188
257
144
92
228
366
260
337
233
152
38
29
76
208
275
122
59
396
30
38
236
194
219
29
144
212
329
330
377
5
44
164
214
139
207
41
105
19
329
289
170
318
318
197
125
144
271
184
91
300
173
326
45
391
306
140
155
187
70
83
143
65
198
308
156
5
349
212
23
229
100
144
147
369
341
223
112
211
6
202
62
131
79
106
121
337
245
227
123
266
309
217
283
59
125
38
63
25
201
37
253
300
180
351
269
72
174
332
282
131
134
295
261
164
400
382
100
197
160
174
14
69
391
296
127
67
285
141
91
85
177
343
337
308
246
157
380
19
88
213
149
173
60
10
337
11
343
388
207
102
114
173
122
56
20
200
122
305
340
212
341
68
106
229
328
351
385
259
321
25
23
70
197
82
31
85
93
373
73
251
26
186
23
100
241
43
299
314
299
191
125
191
210
182
20
137
133
356
395
5
380
370
74
177
51
56
261
143
380
285
394
6
22
368
105
214
362
355
127
260
145
203
3
307
385
22
43
69
329
390
73
309
359
99
37
9
154
249
104
134
134
49
91
155
368
147
369
330
101
47
189
198
250
191
104
234
164
98
254
93
87
326
353
397
376
389
358
130
237
61
215
322
61
305
29
28
51
349
357
103
395
98
300
244
240
3
29
4
101
282
48
139
160
352
136
135
340
93
216
128
105
30
50
165
286
30
144
336
378
101
39
372
150
290
168
389
293
196
344
345
30
391
83
141
342
170
227
233
262
43
361
318
24
362
82
310
391
226
197
368
278
235
291
27
125
58
15
369
206
359
313
187
301
347
327
195
117
153
379
330
147
291
248
171
252
281
32
194
58
228
113
287
15
356
313
91
13
280
11
170
190
275
356
42
221
234
188
289
339
167
171
85
57
18
207
261
250
238
6
260
18
119
146
384
74
59
74
38
290
84
208
79
358
115
72
130
301
260
19
239
26
189
275
34
158
82
294
359
271
300
218
240
370
364
223
395
374
248
32
263
283
191
293
192
258
316
322
158
175
292
348
152
32
222
138
141
255
31
99
126
282
317
317
203
232
140
197
205
339
181
19
222
371
263
13
180
178
286
337
305
177
284
8
160
58
145
300
312
128
351
37
361
219
306
164
50
45
312
206
335
92
176
156
15
390
169
194
119
6
83
23
183
318
31
294
375
127
194
287
254
144
275
215
314
180
378
363
176
289
120
111
333
295
218
347
236
338
92
354
344
174
329
126
92
311
19
18
37
164
256
291
259
131
105
172
262
34
86
390
274
205
52
206
51
269
104
286
207
196
240
150
321
168
227
364
78
197
382
66
361
237
356
171
319
12
343
133
397
380
122
271
185
173
28
235
41
84
73
199
231
264
348
151
31
174
115
60
323
48
125
283
236
33
5
155
44
299
287
41
279
360
263
63
84
242
249
124
325
273
323
155
136
222
258
166
348
372
177
270
19
302
104
254
334
108
360
329
7
198
321
285
109
135
299
192
377
99
316
253
372
190
360
107
11
217
225
310
140
1
179
110
254
282
315
139
390
227
68
348
24
388
232
133
123
82
276
51
180
191
255
151
332
214
258
295
382
82
204
121
34
383
182
288
216
97
26
205
323
93
152
298
33
335
382
107
16
258
109
196
400
363
298
284
177
155
178
110
188
333
183
222
267
364
61
83
12
86
287
286
131
391
184
115
277
117
221
293
326
329
40
326
291
337
161
19
44
338
129
183
222
311
356
89
226
16
171
238
54
9
123
184
351
258
298
228
327
70
72
252
350
111
129
240
399
289
211
394
178
291
177
400
153
132
88
378
100
258
167
153
218
242
336
169
99
185
396
377
206
67
229
155
129
309
394
79
198
156
73
375
46
201
326
198
284
13
128
383
222
294
135
40
135
22
160
186
158
155
162
363
173
342
117
253
251
63
283
400
218
355
374
216
