3180
6008
2773
6176
9211
1303
5905
2309
9441
5627
7903
7087
4486
8107
947
7124
5805
8752
638
9502
4834
1411
449
1393
2070
1001
2272
3151
5109
3382
1557
8288
9389
4329
4463
4952
1984
6719
7260
1424
2346
1515
4862
3183
5973
5808
6658
8130
912
7295
7631
5745
5058
8079
7138
7127
9079
5761
6629
4187
9142
8185
8826
4883
8866
9640
9834
849
6359
3445
8624
5056
1311
3486
4590
7284
5645
1247
5413
6556
4894
3043
2301
9951
1121
5790
3429
6551
1550
57
738
7043
8242
5915
1925
3459
5555
8110
659
8265
1555
9282
3320
9217
9119
4261
6500
4764
5507
8264
1319
400
1306
9971
6702
8778
2112
130
5329
13
187
2418
7056
4780
4684
8980
4590
238
7090
5248
4854
4996
881
4525
4212
10000
8785
712
1115
644
5327
8785
1043
6633
5108
4097
1762
7219
4226
3442
7232
764
2211
4287
1895
6895
9618
2836
3484
3059
8083
8338
8054
5316
9214
8618
5315
7999
5681
2781
8642
1007
1565
6036
7639
3024
132
5753
243
710
5546
3826
7825
7757
4464
6072
1003
4081
8907
4486
3492
6990
9175
1545
8657
8389
162
3971
2739
5842
3103
1380
6849
1019
3767
839
4043
251
2943
4285
960
8489
4462
5136
2597
8925
1207
3599
9357
114
4436
2848
3455
9963
745
2111
4703
7258
2433
7441
9452
1887
5172
6300
2905
5290
3490
6947
5540
2785
7583
2851
1273
2044
7987
3869
7320
9193
3819
6677
5658
8254
5876
5464
8216
6620
3926
9270
3878
2710
6710
9681
4596
8233
2332
7501
3523
5821
4447
5414
4957
2030
8265
6229
425
6251
6449
7745
1795
6619
773
3805
4873
6648
9268
9440
9620
3194
8710
9849
2255
1771
9529
6851
6356
1860
4351
6230
4032
5149
1643
8989
7178
9907
1569
3955
2509
4370
1699
4304
988
2471
8108
2212
5470
3727
8004
1441
3272
3065
1289
5527
1187
817
2377
7542
9028
3079
123
3060
8227
1766
8400
5405
8024
9968
9359
533
689
7409
1188
1677
6231
9295
240
8052
9373
8243
9493
2645
1307
781
4523
2494
7950
6899
6387
3329
9977
6510
6388
8203
4627
1139
9959
2650
7459
5669
3182
8147
9429
721
6175
5659
15
6415
63
5740
4657
9555
4736
2316
335
9258
1161
4636
2508
7547
7965
2484
4056
704
7038
5034
1843
3349
7684
9301
5369
7217
7447
1150
7938
3622
3160
4304
6388
3222
43
1044
2776
4778
9711
9463
387
871
4098
2894
8418
2062
1729
8825
9118
8767
3859
960
8467
7894
260
187
5110
4058
1336
3047
4031
4496
3703
418
7717
97
7814
493
4875
7524
6307
5261
8395
404
4507
3164
8818
6235
8340
7935
1353
8550
8894
9819
6443
5505
6
7905
5914
7693
7303
9945
2188
1005
362
6257
1102
4527
6749
2328
2051
3055
3940
6797
9810
8446
6312
8627
4681
1003
2913
6033
9553
8158
2204
2347
3662
8561
251
5928
6253
7554
5872
8441
8558
2585
1049
6011
7112
4149
8338
5514
3555
2278
8662
3364
7075
1325
8343
1755
2327
1255
4140
1879
5765
6343
4226
5778
4903
828
1705
1155
8381
7576
5947
3291
161
6995
9301
3624
1143
3991
5489
4697
2620
4150
4413
9694
1826
2755
1449
4152
361
5588
2383
6125
1930
2960
1903
3184
3787
3607
4338
2168
7535
6637
1810
4047
3631
1110
7670
1126
1452
3158
2174
4071
3659
6586
3765
5484
9340
1565
5987
6053
3504
8369
2177
5433
1328
431
4968
1467
4038
9305
3634
1572
2293
1795
5618
2276
9256
9639
3401
708
9148
5574
4778
9158
2160
4894
993
7851
6458
6979
3903
9961
5348
2432
1745
3027
2862
6712
4493
6899
2369
4478
4822
4661
6272
6791
3288
1880
2781
6688
2587
8280
8614
7364
7437
7125
8610
8429
4975
5067
1760
5230
5028
3459
7661
6772
6485
6874
9836
7330
125
2204
8159
4946
3216
783
8089
6504
2662
869
9543
5248
5501
8156
8963
2937
1632
7572
7718
2959
2639
9477
8188
4018
2935
2200
7141
5771
9073
3328
9452
9197
1883
7611
495
5099
8393
8583
7954
1054
5803
3848
2653
7655
8356
1615
592
9987
5539
4661
2945
4529
489
7484
8546
3423
6035
2038
5545
5108
5366
4997
656
7248
2607
1150
8698
7351
6084
3003
8404
8239
6851
1056
5893
5206
9022
2836
5192
912
7496
4489
5440
7984
8324
337
7758
4359
8727
3303
9466
4092
4651
121
7691
3609
7623
6389
959
58
9391
9362
8296
6241
6769
541
7798
2142
3376
9342
3054
7224
3830
4845
1559
2153
1534
9317
6511
260
8971
2328
4351
9973
8801
2041
3581
2775
4781
4539
2832
4172
3900
7480
6764
7020
8020
4562
5513
7747
255
4918
4970
4084
9763
6529
2588
1296
2197
5451
1555
1167
4130
2257
1139
2930
4297
4719
2056
5430
5609
4888
9601
9508
8719
2716
2879
6738
3629
8391
836
3883
3309
5806
4318
9423
8686
3258
7070
882
8708
8624
8400
2837
880
5890
2119
1528
608
4174
6957
6216
5413
2909
2075
4131
1977
1305
7220
1957
6047
8056
5840
5707
213
6509
5129
8898
9766
2198
6131
8473
7173
4530
7662
4404
419
6132
2284
7378
6657
5592
9945
2070
4853
8371
2552
6829
6027
6124
8785
2073
531
976
7780
7095
7485
9260
5992
7250
7810
8474
2075
4982
3003
9736
5738
9773
5867
8021
3502
8875
3612
3446
944
4816
8168
9848
1644
4194
2323
6781
2618
9205
4108
397
6299
1592
6009
2290
5194
3818
763
7268
5151
117
3355
888
6241
5573
5260
9742
4447
5224
9539
1743
39
7706
1590
1683
8251
264
4815
868
9468
8922
7617
5766
6866
3625
4407
2059
7442
1521
9326
2592
7989
2680
9832
4229
8252
5091
3970
2698
314
9860
792
353
3917
8733
8387
2167
8996
3201
9386
4815
8474
7002
580
5339
6978
1338
7397
4419
2858
3074
3363
846
2105
3194
1426
6708
4636
1747
9406
4950
1606
6549
1654
1874
5282
40
4040
4277
9592
9778
9092
8065
3131
6023
9756
109
7361
7152
4527
6570
6578
4241
7416
8682
7434
5193
5390
2070
6940
1147
3371
4897
7695
5024
6771
2976
1415
7162
3605
1006
6939
2696
5422
70
5070
5177
178
2430
8681
1056
9000
5258
5297
2767
3939
9082
7959
5680
7503
1250
6826
7225
6147
873
2248
2917
3848
3662
78
7452
1019
7017
6499
6441
3438
1569
1617
9967
350
297
1022
9349
1906
2670
8467
2197
1752
2778
7876
5606
4027
1054
2831
173
1926
1430
3089
5773
1444
9519
9577
2462
2887
2427
8902
6324
3995
6871
6290
697
3519
3663
6397
5425
6333
4864
7621
4436
7641
1848
6393
8019
2901
9223
4544
4826
7005
3984
6951
8448
3502
2879
909
6388
5305
6163
9063
5652
3033
5352
6348
2903
5367
2744
8327
8051
3959
2299
8838
7951
499
5230
5970
3399
805
513
4577
7809
848
7879
6256
4350
7109
7164
737
8765
9678
6152
4416
2710
7855
7115
5613
3221
6211
291
1271
169
8942
108
4472
9440
1690
441
9190
2494
7305
118
6654
8152
4348
2909
8853
1456
6424
5942
6573
6102
2093
7340
5163
9947
4455
7127
9520
7017
3770
790
7185
2711
7250
1656
8502
5291
8448
4043
7784
2104
513
789
6608
1212
3697
1812
9020
6472
7753
5592
8925
6197
2931
4088
6144
3737
7566
5663
753
1335
2804
4290
397
6405
2297
8898
1695
7097
9293
5830
9200
6157
6618
2159
7368
6666
323
6387
3138
8075
1978
2062
4272
4909
2501
6767
4997
67
8781
5750
1401
7936
39
1798
4341
2335
7047
2387
9431
2691
8217
4983
8847
1186
3493
6215
7852
3815
8953
7341
8242
931
5754
8865
2191
8255
5631
7187
4673
763
9288
6073
8698
9326
4222
9390
1661
7621
1777
7443
311
9993
2425
5510
7530
2270
8076
5381
6084
7028
2721
4325
4310
8475
3189
6500
3081
5171
39
7753
5933
9326
177
983
8652
4399
372
6664
8371
2148
458
5033
8492
9235
542
6022
1504
8617
7754
3939
1997
6827
8264
6306
1653
7804
9158
4733
9327
9196
8837
5259
8521
9013
2593
3524
9763
2965
6539
8133
1464
3349
3166
6308
2583
59
2329
438
5028
6434
4376
7024
3260
8991
3329
4912
3147
2486
5996
2473
8033
4832
4083
2906
197
6676
6429
9959
9640
9320
4444
7455
2668
3961
3762
1602
371
2442
2039
5398
8876
6414
2421
8487
1757
2102
3399
4903
939
5746
7375
5324
6930
1457
8229
7126
8132
1009
3436
4123
6680
4231
1578
9347
8191
1691
948
4914
4133
9338
311
3008
5752
9084
1494
7508
7537
1244
2410
4827
6990
6136
150
3919
7592
8378
7396
5724
5739
831
6198
2418
1414
7775
8117
5956
9466
5416
869
9950
4754
1180
2957
6857
6615
802
716
4151
8398
9477
8977
1739
5612
9127
2009
3203
3856
9404
5278
9594
6586
1476
2012
7999
5602
128
307
1419
5543
1175
1368
6648
2354
4324
3504
8968
1478
4219
9470
6227
3695
8447
7965
9306
3925
9973
8861
7780
5728
4138
3726
8665
1965
5737
3016
7567
2216
3322
8985
4110
4496
353
758
3202
1028
4261
8521
8857
4832
7991
5083
8526
2789
3047
4184
6713
9371
3044
4492
1450
3533
8217
6467
5498
305
9482
3064
8872
9155
8400
2982
2
8752
91
3203
6132
703
8076
4988
5534
6066
71
412
5206
9469
947
1918
5192
3990
2761
2993
3874
7330
9459
9371
7634
5292
8786
2858
798
3538
2191
800
2289
2281
354
4772
9335
8429
9760
1221
846
6182
7984
6051
2002
8930
4320
7193
9271
7081
6538
3144
4410
2348
8867
8395
7640
4004
7604
4789
7541
9794
5588
6182
8426
5942
953
4113
722
7064
5333
1568
3245
3316
3970
5247
2245
8290
8791
1515
1722
5328
1010
6131
7676
9876
877
1667
232
8481
6455
7772
4626
2043
305
9404
4336
1258
3516
5057
4673
8848
2976
7918
8515
6946
3164
759
1587
1954
8625
3308
7282
9634
5790
1309
5862
3018
2975
6093
7850
9429
216
2476
7823
6873
8231
2158
4482
1746
3567
9154
593
6542
7071
5459
9839
6586
6217
1425
8540
1193
1084
2173
7178
6873
9833
3039
6243
2807
5483
4092
8587
2051
2919
6410
8923
1149
4919
9756
9246
8485
8909
6190
1379
5980
1648
1217
2565
4216
8994
7456
5408
77
5980
2586
3302
5812
1976
5896
4970
3811
9987
3557
2213
9258
6318
7487
6758
1236
7242
6004
6073
6150
2193
7451
8481
3841
5019
7398
8056
4012
1205
9816
441
7185
2401
94
9348
728
5989
4318
4538
5975
7874
3102
1584
4191
588
8342
1778
7829
697
4202
331
2889
8004
8811
3081
3023
2560
1137
3386
3765
7304
178
7301
6056
271
6648
6783
6259
965
7673
8586
8838
774
169
9380
1362
4862
7510
9190
5558
1711
9520
8447
6067
4683
7879
9089
7242
5367
8826
7358
2670
9004
4658
8725
5626
1306
5508
1885
2270
9532
470
7460
305
6990
3191
1666
1852
7052
7208
7409
8763
3079
2207
4829
7761
86
269
1355
5452
5446
8712
8122
801
3370
6846
6427
1027
8705
4663
3296
8236
5132
7107
8541
2121
6650
6558
324
3701
117
7733
8815
3196
6291
3643
7308
6376
263
5014
8180
2061
78
6301
2861
3447
9498
5639
825
4555
301
472
2790
5432
7579
7682
3905
580
592
4228
4280
708
8312
3095
255
4603
3089
3915
7330
9704
5280
5509
1764
5357
8161
976
5155
4011
6615
5979
8565
6915
6451
1354
8699
381
5388
8955
960
5979
9534
5239
3038
7846
4685
9645
8800
7774
3559
6129
3829
8838
7990
5592
547
6150
2919
5701
160
9533
1680
8724
2800
8130
6430
1498
8510
1817
6804
5821
4147
6337
1059
7184
534
2096
6828
9333
6221
6738
1814
49
1928
9803
1992
2474
2304
4910
4526
2464
4443
6205
7539
3594
686
320
1443
5547
8488
8246
1367
2634
4582
8778
6170
5116
873
9349
800
7093
2439
2613
7141
4366
2415
9132
3191
1071
393
7716
3534
1187
273
7424
4780
958
4096
6222
6505
2583
819
4223
1569
1753
3000
4090
3220
3872
9790
4019
7316
2228
2984
4456
2945
1750
9939
6135
2820
6684
203
2705
7870
475
129
2650
7784
4224
5223
640
3158
2394
4863
4726
4146
4214
5167
7365
4438
4957
7735
1753
7184
718
2561
6481
2468
8851
8967
5287
5534
9169
7992
3404
5995
4472
2405
3779
5047
3979
4418
4556
6372
9280
5634
6869
3494
800
585
4283
5756
8320
6035
9292
5389
8595
5772
4208
3798
1090
9495
9331
259
3838
9086
2605
4661
1490
6383
6059
1821
801
614
8192
6432
6247
1413
6277
7047
1997
559
9154
6668
2946
8445
2057
7892
568
6264
1689
8010
2110
1020
4620
2299
6457
7224
6959
4299
3607
3017
6119
759
9983
662
3542
6229
2074
9819
9627
4071
6729
8781
738
9674
3577
9146
7566
497
5410
9254
8506
3871
6625
3125
6170
9434
348
3128
3732
306
2497
9850
1064
2479
511
958
5059
8937
776
4686
9359
7504
3466
6448
3530
7042
5594
1095
7538
7355
6700
2395
1225
9677
5519
3746
9110
2219
3226
9193
2524
5722
9042
9940
4552
5904
897
9610
1192
8024
4295
550
1879
4112
6998
1760
1154
2591
2854
5043
6297
5906
3790
3873
1934
9308
7619
7395
7878
844
6587
6754
2917
1980
6693
7468
7883
3941
3429
9075
8316
7724
5976
6546
1835
2973
8306
9340
1915
7511
735
8211
3416
4524
8436
1701
183
6054
9095
8061
6897
2033
4814
9813
4012
7858
3632
1895
8150
7060
7321
2817
1135
3296
9362
9322
2621
7667
5013
887
5178
5747
5450
4945
6622
3885
6646
3157
9938
2092
1217
3186
4125
2382
9350
4488
6591
2981
6382
1092
6392
54
3908
7527
9702
3269
6848
8674
7288
8212
9560
2465
311
5009
3761
6932
5245
6758
88
1534
8850
7656
4719
9326
6389
4068
3813
2979
3400
6547
4070
9792
2952
4329
3670
9005
7598
6869
7678
4885
5080
3590
3701
5390
4950
7461
8674
195
4219
5113
1728
9420
9121
6447
5097
5509
6866
5261
4840
6618
1807
5261
6409
1111
9590
6430
115
3539
3298
7793
4775
4729
1382
8475
119
6331
2287
5144
2877
2857
256
4605
8628
5728
7403
76
1237
620
5337
2428
7237
3495
7688
3645
4605
7277
74
4720
7167
9723
8864
1941
4452
6597
6767
922
9279
5406
6065
2156
8262
2672
3112
3242
8400
514
3317
5988
1133
5005
8415
4722
8500
6102
8366
9456
9731
4792
527
6897
866
9390
8838
5317
2338
5604
2590
1617
1009
5006
124
5623
7678
9587
5216
2429
6452
4884
8416
7584
9889
6830
8657
4740
9283
7023
4195
9013
8166
4722
5910
5383
463
4747
7052
2801
6702
9641
769
4063
4647
7244
6037
8676
6830
7604
1104
3281
2487
9519
7216
8727
2700
5873
3466
1982
9247
7661
995
3764
2382
3256
9146
2844
4354
6197
1996
1055
2190
2764
1469
6836
6359
3857
5511
3188
1460
2966
6468
3947
2484
3684
2673
1535
5908
6139
3516
5154
151
4510
8917
8884
7765
8062
8079
8470
611
75
9525
2800
9190
7345
9635
5549
1202
1497
8736
2661
4462
1556
2959
3297
1591
5632
4831
7498
8122
4698
2651
4624
5560
7919
3507
9676
2332
1585
8146
2942
8011
7670
5741
7201
1366
1727
9101
2567
9575
7836
5228
388
5743
4538
3684
7333
169
4866
4830
4642
9564
3832
9265
5123
1750
2771
1150
4082
708
9295
7023
8718
3316
9116
5918
4682
7194
5018
7248
6769
9206
8827
7156
4948
3365
7192
8633
9885
2057
3462
879
7972
3646
143
9446
5395
9266
596
5828
9973
9890
9203
8690
3206
8318
960
7887
5511
2329
1486
8631
7886
6665
5787
9186
6381
2978
7818
6265
1386
7631
7143
5710
1276
3638
5155
3023
2903
2102
8850
9227
1992
8052
4268
1549
2721
5227
5787
4584
3908
7272
3214
1793
288
5352
7330
6668
4681
5147
2933
6067
2778
6427
8128
405
64
3282
3427
9318
1736
8629
8544
79
3032
2812
1627
2105
4390
7413
6688
8297
1036
6253
6442
7676
1605
3771
4343
6285
8918
7275
8703
8047
54
6830
8451
117
6464
8230
5787
8199
6858
4330
8277
9889
7141
6255
1993
1531
19
5032
6179
7406
1285
2620
5081
9241
2743
9424
1877
1660
3050
6932
6058
3103
3761
860
9572
6576
9089
5358
4774
5946
6039
9402
2187
9532
5656
531
7414
5674
5563
3592
3080
3199
2564
8160
8791
5306
7583
667
3317
6985
7598
9374
87
7711
6585
6010
4286
5674
7719
5412
7971
3758
4813
6509
3289
469
7040
702
2494
8954
645
1925
2152
9560
85
7294
4865
4019
7960
4533
1003
1910
258
7442
9620
6843
9803
257
2516
7522
5668
6838
7631
6833
3347
919
3653
386
7972
6146
5691
4968
8071
7842
4528
4507
1487
5744
4877
9446
277
5880
7707
6886
9673
3678
3728
9475
287
2595
3348
5954
9433
978
9138
9131
8248
2790
9516
2571
5288
5206
7539
9710
9399
8418
4216
885
513
9092
6682
7141
1323
741
4027
7347
4418
4106
6822
1056
6701
169
7010
2485
7499
2499
1615
5746
5289
7482
8317
6928
9039
2207
6637
4789
6976
7204
2025
7488
2647
5058
4629
3970
5798
8655
7668
6568
9112
4489
7623
5812
1010
984
4648
8508
3483
2614
605
5123
95
8921
8402
5485
7479
5038
273
4454
8593
2297
1942
1239
7355
2922
1560
3152
7928
9228
6071
7039
68
3694
9203
7429
1029
3850
5936
4511
2816
2893
5985
2910
8165
4386
4747
5644
5775
5019
6449
4367
7316
4742
1958
1022
7663
9869
525
1942
9096
6596
8981
5516
6641
8183
2944
7669
8384
5232
8532
1199
8124
868
461
2640
5254
5207
8283
1028
225
4732
1747
3892
5825
3704
1265
3488
9924
1790
5429
5372
4737
761
887
1377
8943
182
5397
3679
1765
280
4877
6240
1148
5337
8880
2753
6895
7162
132
7120
8245
1878
7363
4070
1933
8628
3909
1857
6769
5689
7228
1505
6450
4466
9233
1744
4647
981
1774
6412
1261
6651
2651
8760
8339
1530
1512
5234
5044
7995
8705
9640
6225
2419
61
8157
7398
3969
6365
4166
6010
9944
5670
2459
761
4902
554
1760
2235
2328
4523
9847
5330
3525
8606
20
5055
6469
1605
6450
4463
6661
2441
687
9080
2502
5196
6477
6470
7912
643
8831
4208
2664
7641
4968
3918
8195
3079
6152
6874
7601
5998
2203
1126
4603
8574
2532
7423
179
8981
8237
6839
1421
8924
5918
3922
471
8747
6744
4734
5741
1926
8941
8404
9567
261
2321
4113
3339
4824
986
940
821
9540
8417
1775
8113
948
9197
8291
9928
3786
1482
7700
9061
3751
7974
9531
2497
1069
616
8237
2994
9557
2993
8912
6169
1665
3024
5859
6489
4009
3150
7309
9900
1566
5436
4365
2513
984
2655
8792
4769
488
2844
3829
4239
817
9711
6735
8237
327
1324
7582
6235
4316
6494
2403
5980
9517
8261
2468
9878
7763
6129
9777
9328
1564
4141
1841
8899
3148
632
3668
3635
3475
7496
4225
643
3559
960
5231
3885
8635
2813
119
2950
5658
8873
5281
5174
3485
4101
1403
1247
6581
7532
575
4496
8024
8767
3394
7523
9398
7061
1158
9225
909
5382
6219
4467
2693
1450
4703
1327
614
1173
628
6271
45
2261
7796
3529
6361
5551
1128
2941
3082
8054
3788
1105
6820
7181
8628
2569
594
6137
8145
7854
7870
4364
8672
6915
2165
3374
4593
9130
4546
5221
1752
942
7481
5899
822
193
1449
1949
9485
4530
2
3272
1987
3173
6804
6966
5742
7397
9454
3886
5250
3675
4601
273
589
6765
3646
5182
5894
4543
6754
3997
5484
586
9896
2658
778
1344
4606
262
2226
960
9885
564
4132
6688
7529
6225
437
3334
111
2038
7008
4711
2311
7597
7828
2308
9130
73
3203
2235
4070
5038
2820
3965
7695
9949
5308
8653
6562
7533
9612
6446
8096
95
9485
1976
6320
9921
5309
6430
1959
8669
7492
621
6265
5319
2928
1746
5392
6130
3980
5813
1168
3151
9777
8862
3099
5084
3866
9660
8969
3477
6105
3416
9924
1941
1744
6243
1862
3404
9024
3820
2072
2867
4440
4688
8186
3719
6433
9929
9849
6764
5741
7368
9914
1869
2581
9364
3304
6447
9023
2272
6275
1479
2040
6198
3420
3783
2440
1633
3538
7815
5452
5610
682
6243
297
5219
6313
3082
1499
2513
9845
3591
9880
6111
5459
8813
1826
5114
1611
849
7386
7885
8679
5777
4083
8450
5911
2874
82
9448
7041
1885
5057
4074
4479
5354
9292
792
4787
7142
3304
983
732
9536
3445
2542
8348
5271
7655
9958
2471
1392
4194
1149
3520
8276
9599
9430
7502
9680
8878
894
7917
286
4967
2395
1991
4258
3186
6777
7751
6490
7760
4834
2377
1204
3727
724
6474
7733
7033
8944
9125
1226
6445
2644
5854
2395
8426
9707
8426
3655
600
6342
3940
5566
8737
5931
6175
1922
9059
3925
4763
3170
5110
7139
4374
8836
4214
7199
6568
1246
2495
2044
8824
5291
4688
1029
7685
9465
735
6110
3119
7686
2452
7058
9603
1188
9340
5777
9461
8399
6053
4224
7920
1162
1362
2293
6349
5576
5844
2916
3173
4690
4960
8348
9980
5999
9376
4016
5463
6462
125
4933
4147
8928
1990
3749
6467
7682
5877
5928
2432
8281
151
351
5794
7864
8996
2142
9791
1191
1410
9316
5880
6369
7663
2211
8719
3391
6226
4181
9852
2702
9113
3999
7982
7454
4099
4448
1487
6328
375
3918
4608
6877
621
402
1093
9616
8895
883
806
304
6550
3037
3024
4213
1599
1742
7603
4176
2274
3806
3229
7738
7804
1210
5192
8255
5658
6678
4582
2384
6948
5541
9261
7568
2294
353
3535
7541
7587
692
7844
4137
3728
868
4701
5326
8961
8655
5853
1235
2460
9081
8972
6616
291
515
1222
2300
3545
2155
4683
492
7695
3943
4411
6341
647
7945
3881
4586
8636
8076
5074
8715
8943
9774
392
4256
8428
6244
5490
7239
5324
4461
3854
1966
1328
1427
4265
4872
3581
8948
5363
1276
9242
9773
3968
6241
4069
7848
826
2704
5923
5899
7770
1218
2024
8161
5473
6803
756
7314
4041
6079
8126
4247
4397
9453
5673
8661
4324
9254
7608
6038
6881
3202
2162
848
9442
6230
5047
267
5285
7321
2517
3054
4890
4540
7566
6714
1342
8321
4027
5382
752
8505
5980
5148
7957
1653
3808
8633
7258
7768
4670
490
969
6832
1337
410
3061
2735
7028
4698
55
9544
7751
4945
4083
1669
1658
5424
9989
2037
7157
7092
541
3137
2239
8497
1141
2399
7129
8398
166
8151
5239
1134
4982
2927
7895
4394
5661
4922
9091
2067
4465
3194
7011
4899
4862
5021
322
1202
3409
3830
8294
3949
6966
532
8797
4458
2930
2278
9207
9447
428
4445
6932
1761
7371
4826
6154
3031
6099
5245
1450
6915
4790
4812
1813
9651
9832
8486
7204
3240
2316
5497
3540
5633
2381
2337
6443
1662
4614
5649
1109
1393
94
4392
3153
3816
9218
9306
3199
1668
902
4648
4935
5691
9459
6747
1693
5643
1585
8897
5234
252
745
8774
2236
3125
1110
8678
4787
2075
4327
2247
3467
772
2990
6619
4587
8559
5924
4137
227
3178
8784
5161
8868
4595
8259
6913
237
9843
5809
5470
6446
6553
4243
8682
6030
1704
7359
7168
3778
8037
5766
3596
8808
8755
214
9747
7314
2490
3883
7540
5667
9019
9052
886
3613
7310
4150
201
3505
9958
5670
9950
2863
6265
8631
8892
4320
2342
2411
4450
378
8176
8045
5538
6930
4611
1636
4243
7100
1870
8134
9118
888
7185
6355
852
847
505
1052
4351
6814
3074
652
9676
9338
5635
4919
3657
7976
7329
8106
4705
5504
2503
242
8786
7113
1877
3028
4212
99
7514
9681
986
4698
2387
8190
1896
2891
9241
6246
6057
2314
6898
2084
8003
2532
7003
1660
6859
683
6117
1563
2539
8619
1805
1324
5731
33
703
6294
6483
8216
2326
7469
9266
1065
5658
1161
307
1250
7407
6363
9916
656
8447
7918
9539
1801
9577
6397
2483
2046
4311
5021
7016
2467
6344
9099
8852
7047
1744
5334
5262
422
2802
879
1486
4811
2040
1792
2413
5798
8155
2328
6453
6601
245
2343
8401
6174
5091
7235
4571
9401
2256
1586
1868
4951
684
719
1997
8780
6052
3611
9201
5206
4489
686
6368
2880
2477
8780
8677
6983
7459
5129
9935
7704
3823
4687
229
8913
1922
4799
8314
4177
2736
181
5479
9772
899
7476
8551
3302
7438
7751
8507
8278
4788
1227
1158
3616
6
9834
599
3817
1315
533
1520
5137
5220
8100
4050
3493
9250
2363
4021
1985
8895
9499
1756
6145
3326
6658
9446
763
4408
4305
5393
5547
5531
6550
9163
1888
2735
9761
5704
4049
6645
3575
5538
8216
1674
5939
1708
923
4653
5728
9260
3547
5227
1015
6043
8552
4025
5488
5667
4784
6144
1059
331
1674
3960
9493
9914
6694
5605
5617
7095
2249
9192
2632
6817
7217
8570
8524
4492
9574
604
3751
3120
2182
1117
5514
7085
5141
1001
2751
9925
3497
161
255
1522
4120
6099
1435
7166
1703
7052
4260
303
2595
3243
7119
9811
8164
1995
654
7737
2598
4404
7208
4779
5521
2721
1863
7013
73
966
6937
3569
1126
3543
1443
1598
9641
2877
8763
7695
6280
9374
7998
5226
8968
1468
1389
7131
3462
2042
1219
2411
6446
8426
3541
8318
7498
5404
5330
7570
2721
2267
7491
198
5809
8933
8147
1802
8161
3261
9496
4441
2634
3845
6018
1601
5313
7406
5083
5126
9448
6301
7537
2245
1078
1077
562
8575
2832
5891
6145
1904
4509
9987
2102
6670
8919
6600
8471
7079
9861
7966
7871
8846
1811
3889
447
7123
7646
1881
8600
7093
8182
2488
5689
5611
9917
6250
4186
2748
8493
6682
1004
9353
6668
9457
6022
1938
6056
4492
9016
5916
2458
3239
4762
4268
3479
1560
7742
1124
3440
2693
4569
7973
5181
257
9936
5097
2859
4121
4196
7703
802
5199
7055
3821
4655
3077
5758
7063
7568
4773
2978
6377
4363
4091
6996
7841
2002
1089
5317
1794
3782
9885
9766
8962
6493
9701
4058
5703
173
4605
3405
7326
9804
460
1146
810
9888
6903
7872
7455
8028
7202
184
8742
7644
7179
6583
9646
8268
8251
1439
2049
8135
7556
7362
979
3609
7771
6682
3781
2375
6438
1107
8530
6897
8604
9340
3136
1859
3563
591
9886
7116
7126
8627
4760
4304
1561
4405
8923
9811
5843
971
4297
3398
4684
1628
7006
2454
8309
7139
4829
4746
4597
9710
7995
3200
9049
1130
5058
8964
8072
1295
6079
5197
6274
7190
5853
7834
1594
4775
3997
3788
2098
4645
3538
6781
6272
6895
9235
4580
4033
415
5678
8629
124
24
8181
5525
7505
9590
4488
5577
885
6918
7125
7158
4108
2977
1343
2053
4104
1691
5841
6201
6336
9378
2981
2607
6272
8567
3539
6657
8981
5568
1637
5457
5591
6169
981
3095
5759
1820
5023
2995
5089
2148
6504
9196
1476
4198
7601
5579
5889
9793
8131
2224
9170
7464
1182
1793
6030
4720
4801
5011
287
2790
467
2229
8958
7799
5324
4716
9618
6698
4062
4706
5197
565
254
6673
4763
4206
8603
651
3998
3086
9226
9519
549
407
7663
6578
1479
2464
7940
8117
5253
4758
346
562
2556
2021
5278
8525
8718
5691
9583
3915
6256
6188
6939
1018
393
1893
8020
742
4978
3597
260
5526
4003
4274
8456
1833
6737
6395
9950
8341
7505
295
8903
60
2315
532
4937
7384
6222
871
1298
8829
7058
4588
6198
3802
6481
569
895
1458
4165
1154
3336
4520
5427
1791
6352
8516
4537
2653
3208
2041
2947
8462
8453
1613
5345
3389
8997
7919
611
6646
6747
4020
1234
9297
7821
4066
9865
5067
5523
4030
6220
5210
8549
7998
3352
1252
2865
7889
3905
6073
9929
3203
886
4733
4816
6231
4473
164
4149
5083
3161
7247
9102
746
6543
3274
4811
6408
8340
6686
437
911
1895
5337
5261
5247
2940
8125
9487
6844
549
5767
6399
1435
500
1214
4017
4972
7729
8165
6407
889
5411
5508
1635
8306
5134
6445
4713
3473
9482
1501
736
1377
3189
5996
2975
6128
472
2461
9324
1021
8227
2074
8807
8726
3287
2823
50
7367
7339
6456
4607
9101
8315
2593
7406
3448
5390
8470
3273
4871
6322
4008
6247
9510
6355
9221
1990
6826
8033
7665
4198
6260
9738
9356
4985
9376
8530
5034
3094
5868
7841
7700
1321
6156
293
8726
9603
2034
3548
9227
6904
9869
3234
9503
5731
5940
5075
7720
9118
3108
1736
3315
9367
1473
9023
703
7200
7552
2089
293
9772
9929
7992
1092
2436
4636
6169
2039
6669
9716
1265
3573
5937
851
9427
1667
3142
4501
5738
2259
7608
7473
1926
3326
8945
948
4029
6144
4851
6117
6436
4622
2397
779
5713
4833
5415
1882
3223
8435
7949
839
8359
3885
8041
7785
1903
1183
2286
7640
9793
6245
5112
1718
9571
408
9017
3599
2903
3868
6067
5690
4841
4815
6469
554
9647
8235
8787
9221
6669
3087
60
5028
3324
4452
9164
5226
5634
1449
2866
5427
7694
7977
3496
7264
8385
8865
7214
7639
2732
3280
3329
7572
4446
9797
4477
445
8031
9615
9665
1051
9054
6076
2430
2377
528
1594
3954
2513
9394
6819
4291
7087
1148
7787
702
5884
6651
7915
3522
5734
7546
6850
9657
8344
6646
486
8788
1028
6452
8452
8431
5505
880
7212
4233
7759
8805
8187
271
4551
5005
4562
1637
2504
8700
8691
8387
1702
2957
1909
3787
6855
5110
9795
5198
8108
280
3985
5487
3084
8788
3917
4940
6019
1129
9173
3777
6285
7359
4048
835
8715
4961
8824
7571
12
3866
5957
8065
6822
4217
8203
28
9327
7997
1577
3786
4629
1913
9272
7712
701
9541
9003
3071
7021
8175
6848
3305
1885
7247
492
6952
2207
5667
4522
8570
9532
6830
6634
2705
1047
4836
2733
6725
9184
4309
510
3812
6222
6133
7875
3274
5673
6878
6344
2693
1404
9543
5998
3289
6789
2841
6592
8995
8507
1113
3916
4390
7942
549
7094
5340
1736
6178
8416
920
487
5277
1083
3060
1410
8958
2685
7082
2187
9028
6127
3590
4923
8476
6878
1711
1316
3469
7058
6174
933
973
563
5227
7874
4008
6918
9609
186
5334
6880
7024
6962
4315
83
8371
3272
2767
1805
1810
8146
7931
5399
3068
6406
8629
4779
4073
8449
8188
246
9382
9160
7160
960
3385
1167
7877
9346
1352
3210
6225
8375
172
539
8457
4894
162
7575
3050
1971
2073
980
3722
1492
3737
2350
2622
7809
798
809
4406
6531
9969
1565
7490
3353
2732
5367
2698
4083
4928
5275
8810
1451
2165
3618
2697
8679
1193
5746
7001
9617
6726
722
1108
6814
9423
3730
975
221
4538
5380
3103
858
3297
593
563
6028
5959
3260
6462
7238
4886
5271
8689
3403
5241
1385
2081
6433
7130
9081
2401
207
6155
3508
3373
5577
7237
4347
2149
1775
6078
5252
2632
9374
2196
3194
5401
4506
2806
8215
1743
4043
9837
6783
7445
5077
4519
9525
7861
8001
4958
261
8207
1112
3769
7931
3040
7357
2277
5189
9131
8355
6792
8115
7728
5339
7660
9481
9844
6817
4047
1586
860
3883
4721
8304
5312
9239
4181
3172
7239
5490
9785
1798
6601
9905
9728
5992
7261
2005
7532
6392
6711
675
858
790
6013
8517
270
5856
1686
4316
3794
2545
4551
8514
7200
9862
4104
7732
3033
1343
3221
9169
9492
6173
9073
9219
8517
6334
7575
6048
9077
637
6723
9934
1427
2735
4802
1696
4943
6487
2364
5088
5383
6914
3601
8935
6775
4056
3018
6159
1750
6239
5328
1241
8763
752
460
7279
7085
4386
9679
6161
5023
6401
2446
6449
5487
7248
4496
6781
86
6859
1868
1821
124
1820
7107
6898
5876
124
9409
7625
2714
1088
8866
1477
1839
5677
5107
8924
6414
4785
1436
1436
7537
3882
4236
9376
7481
8732
6156
3918
1942
8024
5738
2066
6195
9196
8963
2070
9320
4723
6047
2033
5810
1264
9861
7649
6940
4968
2924
3353
6104
4359
1141
3641
8240
5376
9368
5720
4107
5523
9638
6049
9898
1727
4466
2445
923
3428
4514
6594
4503
6912
8626
312
8175
4839
4312
5114
6158
7235
4819
8613
1594
2311
8605
6185
7686
7972
8257
8145
9847
7894
545
9744
5972
5010
8540
3246
4789
3054
9839
9291
9965
4817
5955
4492
9655
266
9605
2164
7501
775
776
5446
3085
9381
1630
7123
7352
9886
5267
7198
4131
2163
3294
6455
7172
1833
9700
8312
1238
9539
7603
7555
707
9909
2046
6713
174
8002
8876
4026
5129
6003
9471
4565
5383
1101
1687
9087
7338
3305
2636
1469
5467
2281
7923
8990
466
3974
7302
8055
9864
1256
5609
570
1164
4006
7282
7689
8360
2509
1715
9840
4864
1185
4404
246
8637
6091
5684
5975
5747
4672
3795
1214
6952
8069
6555
3769
8394
3856
1824
8258
1463
3784
5179
8978
4142
8813
6667
2501
1321
8381
2340
6184
5917
3095
2782
906
9185
4817
6880
4932
9488
7026
2497
2792
1446
9051
6560
9839
9259
8383
8096
7073
2167
3275
6051
6308
2087
9069
5160
9759
3801
3851
2295
9717
6945
1428
6974
2482
6244
3853
3765
5732
7230
2613
8523
8675
1663
5082
8514
7273
9817
6609
4346
8335
6235
6748
994
4673
5816
6153
4432
9616
6355
3078
5684
3299
4505
2658
2132
748
2862
5896
2831
92
4860
7705
5118
6523
9139
3631
147
8955
6592
844
3641
9178
7591
4634
3851
3406
7138
4634
9373
3492
7711
1409
3142
8567
418
1626
5666
9631
3873
8497
6074
8733
6201
1192
1607
1691
1174
1753
6997
7765
2597
637
3295
187
5270
7145
9945
2407
8130
5669
2250
5840
3429
1744
4406
3846
3369
71
9829
3593
4919
5902
2325
7472
7093
3931
9162
4619
5684
6159
8735
4632
6795
2029
4818
8417
9173
1114
7175
3654
3135
5777
9493
6563
3872
250
6761
3592
6673
6589
7184
7943
2490
9509
5414
5935
3439
928
6905
5474
3438
5639
105
6584
7668
1275
1352
3192
8740
8527
6846
1874
655
2690
8437
4526
9292
5197
8117
5964
8137
5300
258
6978
4808
2024
2912
4599
2951
9816
72
2740
1807
6529
9323
9474
4155
7027
9017
2894
5553
5862
4768
6207
4904
3204
732
4195
4752
8848
6510
9240
499
6767
6217
5307
8790
5481
6257
8092
1648
2680
7183
3454
9208
2858
9279
3362
9884
8296
6256
1788
509
7375
7994
5412
6930
5077
9606
1681
276
2467
7272
774
9234
3488
2432
4375
5320
8688
8819
6968
1368
2353
6773
575
5210
6052
289
5093
699
2896
6880
1207
270
1225
6619
7199
2653
2576
5231
2928
5043
2502
3702
628
2341
2485
1354
7661
1173
6524
980
2540
8877
7752
9466
4086
155
6106
5531
853
9001
8762
2060
9270
6339
5030
6468
8991
3957
8050
1919
5351
551
1972
5978
2892
4456
3684
6904
1980
207
7883
871
9083
5634
6689
9521
5789
2794
1403
2993
8147
164
5052
3768
6502
6433
236
1845
390
4637
3763
5740
5188
2086
8070
4431
2893
1753
1334
4873
8311
9216
2095
3746
1201
8783
9618
3341
7929
1020
6334
6075
7535
7737
9842
389
4170
6429
2233
911
1066
2347
3002
2605
4432
1071
7035
3676
9175
4720
8548
7486
3935
6995
7583
1487
5777
7200
4828
3705
8219
7513
6131
2105
1601
5973
2493
5770
8753
1077
3032
9818
3423
6034
2422
4206
3456
5808
7882
2631
527
2781
6468
813
9775
4050
2300
5552
7601
3479
5608
5819
7343
1739
4275
8943
4063
6768
1065
2815
7844
4096
8985
1267
6481
7758
1824
9937
3566
9705
8919
444
2486
5386
1257
8612
5787
9908
515
3387
9738
6123
5557
7080
4213
9831
6022
8275
2950
3438
7441
794
3886
6425
8412
366
4183
6587
6654
4100
6292
5572
4543
5129
7309
5799
3740
9447
2058
4255
9185
1795
6729
1093
8874
941
924
1248
5567
225
1037
3007
1018
4922
9432
5781
1640
9966
2368
8293
4065
5011
217
8607
6491
3877
758
230
9676
9167
836
8860
962
3916
9953
6187
4856
7228
3786
6774
7452
4823
9781
4822
9744
5564
6954
7735
5529
5673
2380
9593
7035
2596
4551
3525
2824
1660
107
2499
827
942
7711
1788
4858
4015
4326
6065
1242
8112
2839
5045
2934
2619
9866
9029
4534
3172
6764
62
8844
5495
6006
5879
8090
6908
9403
7265
8568
5861
6116
5746
6803
178
3885
8012
4192
8210
4076
1785
2673
3266
6829
5606
2236
3047
987
6769
6218
4102
6830
1413
9596
9187
3643
4037
6095
9398
7653
1014
5258
3768
6759
2060
3945
643
6423
8136
5204
499
6272
7877
116
3101
9834
2352
6147
820
9120
8716
1273
2302
6480
868
1488
123
1256
3934
9520
8909
4947
4777
2676
1705
3189
2973
8699
9611
7460
255
6461
3732
8131
6577
6832
7964
8928
9330
5136
4399
4397
6408
6700
876
3628
8188
998
4883
2121
6869
3791
7068
7998
2819
5124
1186
5791
175
7148
3250
429
9961
3333
4911
2889
6516
9226
1816
2197
4361
2566
6593
7121
9266
3821
748
7453
4818
1982
5925
8039
2125
9344
6036
4943
820
7221
7085
994
720
6686
7774
680
19
2684
3568
6534
1909
1735
8731
2622
4301
5323
9742
3566
5495
6841
7370
6665
5174
3294
4703
7298
8990
738
8592
9809
4310
5676
802
1381
2362
4927
2061
2380
7610
1980
5265
5870
3715
3995
8491
4367
5670
4584
4284
1164
7776
1653
7828
2950
1298
8882
6599
287
9619
5191
95
280
866
7248
1661
9579
2174
3721
1958
9783
2052
7223
2005
5766
7569
495
6484
3238
1431
767
754
9206
8771
4933
8507
69
3815
5106
6707
9785
296
6802
65
7513
401
1725
7092
2575
1797
5401
8709
3848
8975
713
5966
6544
7560
2449
6133
5342
9568
3238
899
8338
8171
9406
4758
1985
4511
1465
1769
1158
4618
8185
8670
5018
9909
2113
3944
8057
7514
2653
8257
6488
9717
4222
3031
3628
3022
5516
5321
2589
8753
6220
7279
6923
5625
2036
5259
6487
3500
7028
7644
8117
5212
2665
9487
1473
4778
3430
9529
2291
2434
4137
8778
8503
8358
8161
8482
7732
3676
3803
6672
2428
22
3950
9351
1998
5986
961
8484
5837
7988
6127
306
9552
8791
9792
7376
9920
3221
3256
2210
2007
7393
7340
509
2102
5500
8990
9833
9175
2792
2857
7954
9165
6806
3656
1162
9143
4617
9645
1332
8956
2123
1637
8507
7266
1428
2234
7185
1000
5490
5747
9358
2882
3086
9866
4983
8585
5208
1168
4111
7999
4024
8416
3516
7181
2072
4677
2676
3040
674
4007
1995
2796
5643
6854
6413
3422
9087
9950
773
928
5696
131
3809
8781
6348
5144
3717
1555
6311
4179
5906
6686
2594
9421
3866
1017
449
2893
408
1122
6899
8755
270
8893
5608
6682
8666
1046
6631
9439
1974
2326
5921
5782
7458
8620
7277
1174
175
9939
1704
2432
6624
650
8204
6842
8018
8652
9734
8426
9774
6633
7180
43
1877
9139
6724
543
184
9707
6333
8509
2032
8605
643
5842
7224
7919
7015
3750
7858
5071
2533
4481
5720
736
7674
89
9388
7408
4866
9161
392
2045
5555
2268
7535
2278
9162
7719
8336
1846
6227
368
450
3221
6209
4026
1140
9575
7775
8997
997
6660
9829
3068
7395
3855
3157
6782
1262
8022
2294
8005
6419
7848
6624
3953
6478
5786
8023
4813
7631
602
5180
4433
3822
7740
8458
4961
3667
2584
309
4663
9243
6490
7731
6638
344
887
9771
7957
5260
2065
2313
1678
9912
8936
5631
6389
1073
5
1202
5056
606
2733
9488
4428
6825
7945
5740
491
6880
6049
5153
2475
8890
2883
9112
5585
121
5234
3541
5381
7298
5853
3410
3562
1140
5392
9950
2213
5397
7503
7268
6002
236
6755
6781
3412
1051
2521
3902
4282
4921
9054
6756
3810
8289
2219
9394
4761
7453
9286
6493
4750
1490
6255
4663
2629
1646
4613
4841
7042
8467
2108
9396
5054
5214
6176
8465
2616
5048
2366
6898
6320
7772
3653
129
2412
5872
5874
7172
3324
1511
17
4425
3000
6271
9088
1981
7916
52
6821
1310
8518
5281
7057
9924
6846
9584
8388
9462
4632
754
6359
951
4877
11
7432
7288
2234
9657
811
1909
7520
827
6334
6871
3449
1773
8851
7717
1824
2024
9026
6693
3656
6082
6616
501
5665
1356
6314
6648
8461
9024
3951
3337
5387
7734
6976
7620
7390
7786
9529
4909
4965
2214
8132
4765
3986
6982
2481
2161
9005
1506
5205
9012
3939
1821
9513
5956
9528
2178
2603
7988
1202
6553
1324
6588
4286
8299
4207
8028
2436
87
9288
3752
2300
7419
8517
2637
753
997
4797
6109
8855
2
5121
2793
8174
985
5100
7701
3162
7703
2040
4363
607
3363
950
1245
8013
1509
5624
448
1595
1263
4200
3895
5034
9068
6531
5786
64
7680
1894
5270
4033
7014
4415
8558
7998
9514
2610
7512
3568
4649
1874
4175
8011
9176
1771
2375
684
3746
2822
8630
5008
3373
8876
41
2440
5407
2178
8856
9438
4072
4125
3470
7437
8539
8379
1787
4405
988
9298
7972
5636
7523
8498
9998
6698
268
2372
3733
365
1545
2363
1725
1270
7590
1765
3709
2996
3943
8916
8785
4366
9393
8606
1802
4283
6984
3588
8687
7971
9237
6659
9958
6760
5156
9955
9809
1776
8678
9894
2140
223
2256
216
1492
6197
1981
1552
9193
2275
6820
4329
6640
6212
2935
4793
6846
9918
8381
5533
4241
3969
2191
4198
728
3698
505
537
5473
5534
430
3965
2108
9037
4180
3599
5233
2512
1503
777
1138
4674
5106
7777
7237
4392
8922
4082
4309
3654
9614
8549
7622
8156
2747
8350
8206
9603
5238
30
5136
2019
3994
7244
7407
4526
7194
8991
3389
5048
9768
4527
9721
1225
8655
6957
5616
3928
7391
6276
7581
3356
4825
5203
1512
3923
3552
9717
9877
5141
9746
5012
7159
92
8607
917
969
5801
9907
709
7200
6026
1587
6921
7250
6594
229
9217
521
3971
1845
8102
7327
6669
3304
5190
6943
3207
1258
3171
4699
7355
8182
8209
7446
3141
9125
4766
8941
9031
1827
6140
5057
3413
9412
8658
6
5993
4227
6879
9963
6071
4980
3641
9091
4635
8830
6033
7841
87
9203
2539
7442
3736
7099
1239
6876
6223
2357
2168
5253
4183
4660
6661
3947
4071
1671
3953
6415
5897
831
2730
1967
2162
6370
1057
6796
5200
3441
988
1638
8995
9878
9079
2730
6976
6670
5958
3198
9026
8125
4802
3208
2784
1463
3506
3207
3133
3810
5973
5381
992
8702
7347
3153
5072
4755
9948
6623
8195
935
8260
7189
812
7339
6270
4139
360
2227
7336
9385
6704
2138
8944
9487
9952
2449
9045
9436
6259
5018
4816
7250
3719
2162
6755
5142
6916
3054
1764
1462
3989
24
8650
1152
3714
4919
5291
4073
3498
8978
9809
201
1115
8752
6039
7418
7552
5084
6853
162
6453
1668
7412
171
181
518
1665
3448
3571
3428
4909
3911
9803
9910
5063
9868
1181
6705
3940
4678
2034
100
1230
9501
8851
7268
6918
2755
8703
123
2916
5155
8142
6679
1678
8323
7196
3342
8122
767
3121
9383
4677
2924
5644
6091
2791
6824
9147
3083
7853
1181
3182
9082
681
8385
2702
7598
1139
1404
4072
4054
2911
2214
733
4588
6888
7928
7929
1361
8694
1049
743
9723
324
6387
5813
3115
9562
4960
2549
7415
6140
5730
2848
3172
4114
5549
7121
5252
3305
1193
5658
6215
3406
6390
802
293
669
5082
1653
5715
2482
8748
5437
2806
1486
7601
2272
1047
2560
4820
8461
5051
549
7661
8222
1015
3209
5343
2618
6513
2887
8275
9079
6292
1016
9880
2936
8037
1313
940
3751
3795
6039
5539
6600
7524
3139
5223
8571
2051
42
3383
3453
6942
1043
8027
4308
4252
9721
6926
7116
2607
5200
6195
8898
2568
2426
8185
604
3739
5476
4354
7533
1515
6244
484
9038
5734
5706
7608
4136
2099
991
7589
5392
2033
5615
9700
2636
1687
6625
6104
4293
8176
2298
9542
743
1075
7726
7698
4813
3201
8403
2345
4715
4646
9180
105
6732
1237
7712
867
3335
5054
8455
8727
3439
421
4778
2426
2107
1402
8529
2751
5929
7178
2292
3024
8253
6369
721
3065
9570
9124
1762
636
121
941
7092
6852
2178
1156
7719
1864
6209
2525
6942
5999
9298
1719
8425
7756
9472
6953
507
5401
4131
9150
8424
2383
5519
5496
1799
1440
971
3560
8427
1092
853
5519
4295
9382
6674
8365
1245
9234
890
8187
5233
6539
6257
9
4294
5729
3313
1152
7481
7443
302
2256
6177
5820
7751
4328
3611
8722
7887
2037
6165
8739
7555
6811
8120
580
5176
5717
6166
2417
255
1398
8955
6511
7758
9600
8591
1070
752
6071
4865
1053
8326
7393
3224
2429
1720
6834
7502
9607
5222
18
4697
9129
6828
9169
9708
8355
4885
5873
771
1491
3622
6077
8001
1379
2029
6592
8801
2780
9014
3665
184
3692
7409
9759
6120
9129
2944
3621
5087
8165
9990
9783
7293
6817
5303
7001
5172
6539
9225
2294
8029
9199
4723
6030
577
6751
8973
5729
5882
4338
5745
6065
8029
3154
2175
500
2282
5118
472
7368
3282
461
3502
575
7278
5157
3927
8801
1695
9503
7446
9724
8701
8520
5753
5630
5270
1077
1358
7503
5414
7103
3567
9795
256
2093
294
8889
7210
766
2608
492
7578
2461
7418
4855
7617
1344
7
9312
846
3805
9035
5899
2324
1139
1528
7594
8567
2885
1448
332
6339
5015
126
2946
3459
6772
1834
669
3889
793
1160
1466
3254
8577
2673
7222
6272
9031
6533
3469
2835
1919
9367
5159
9409
894
9104
7975
131
551
8307
6469
1917
4784
9415
5376
1555
7600
6044
5443
8393
3555
3261
7998
8483
5933
5219
1106
4963
8104
4574
7798
22
293
9308
9431
7538
8411
3757
7668
5313
2063
4137
7230
6847
9903
8957
4753
3854
5000
6548
2246
4906
9808
6595
3388
2092
8166
4493
7054
6269
5418
1203
2642
5710
510
8424
3248
5272
2181
7267
6937
595
7755
4166
7441
7657
9474
8546
1511
825
5093
108
5730
1252
3055
5469
3343
1220
9961
396
7488
1730
7951
129
3792
4812
4905
3391
6436
7085
657
3372
7679
8412
3889
1472
2420
3362
17
282
4186
1461
390
6267
2712
3444
1735
6054
1015
8047
2801
8502
9776
751
4982
9919
5563
9886
3309
8350
6970
318
1721
1001
8729
1961
2472
7500
5322
8840
7782
5859
300
4523
2125
3011
4318
3859
9064
5332
1905
1864
185
8032
8967
5166
7951
881
1404
1259
9230
4725
1576
950
5725
6656
9262
4548
508
4583
3387
8289
6793
3686
9163
8917
6696
9832
9127
2111
1515
1031
3975
1699
9062
9293
3216
7012
173
4619
4623
9402
5696
2550
6703
1420
9206
5964
5968
6065
6898
9354
705
3690
9392
9867
2606
2439
6050
1732
4550
7564
9114
4876
5614
4527
4168
8829
7891
4340
9800
2513
93
1847
1414
6795
3266
6971
9110
5585
3035
6007
4939
3739
9696
682
9957
8653
3120
6006
6736
7669
3569
2201
8896
5534
6727
9415
715
969
3754
6866
3481
198
8712
1247
6992
1977
8217
6101
7562
1252
8459
8852
1342
4506
5885
1299
9510
9004
7304
6245
3025
7225
4797
1920
2758
7876
1335
9824
8844
1440
6689
8677
1638
5400
9923
4981
3729
4491
7434
7642
5742
5892
6493
3436
398
2377
4734
9907
7732
8389
2504
756
5613
7300
9028
4723
1527
6714
4546
371
8153
1235
9047
6142
2986
5321
1123
6714
9811
8556
4355
1905
799
847
5340
1196
9575
73
7455
7307
8461
9958
4414
426
3609
3441
1500
5136
154
6045
1858
4659
3631
904
800
6617
6224
8274
3330
2386
3181
7685
4290
3980
4883
9629
1527
810
6053
8981
4468
866
5290
8881
1291
5251
8674
2790
6738
5179
5186
8595
9837
8817
5850
6989
5433
8425
1614
8762
810
1147
2798
5100
5126
4033
1080
3004
4842
7133
1985
9309
7998
3626
4541
5640
8876
9566
4781
5613
4745
9966
559
933
8782
6408
4273
566
4832
5887
5680
1994
7033
8477
7093
8510
2509
8172
7865
3702
1656
6201
3010
6005
9827
3903
1644
5054
3468
6424
7019
4564
2742
7577
5497
1523
3985
6121
8441
5168
2007
4120
7161
5391
8948
605
252
7809
5129
8117
1510
6784
4317
872
2789
495
4774
784
5549
4593
3560
2567
9157
6301
143
1005
4175
479
7125
2615
1999
5484
6734
9159
7226
2034
9764
7478
9842
1244
1946
1351
8027
2614
2222
7167
3109
3347
4303
5009
4292
7862
7575
3448
4162
4069
804
8336
900
7928
951
2898
3411
4036
8408
6989
6069
4523
4466
2262
5766
2763
3613
145
5376
2186
3663
4836
1885
7965
9844
6176
5826
3770
5975
9987
4191
6778
4675
5090
4705
1977
4339
4468
2364
2746
1456
4785
3621
2273
7046
9386
1387
658
5882
3114
9196
9545
7950
1080
7509
4145
7255
9687
4267
9581
6025
8457
6358
699
3546
7414
9027
4236
8233
1391
6981
6040
6175
6953
4664
3220
6339
6050
230
8572
9164
5777
8116
3465
6856
1977
3961
462
1663
8227
42
4039
6683
2751
1090
6580
164
116
815
8397
7858
4148
4436
4032
1100
9100
3604
3790
1501
185
2362
7016
2313
6829
6832
9168
5157
793
5981
3171
9019
2374
7210
2054
5124
8299
4985
5287
8414
5800
35
2624
6299
823
3007
3750
6274
6610
3892
7774
3146
2605
1142
5458
9433
7973
977
942
8765
3309
4112
4136
5682
1321
2541
805
9619
7525
2444
4385
9676
8830
7008
5974
9652
14
6076
2277
2976
9967
6403
2473
8923
7544
4283
4707
5516
1611
5648
633
4920
9760
1120
6953
1080
3660
4110
7051
1184
2905
1435
860
1734
4794
3185
7738
1159
5612
14
486
1930
6416
2959
852
3959
3593
5559
5827
5203
1206
6459
6474
965
7578
3427
8397
7589
7536
5447
8772
6792
3233
5983
8525
8026
5520
6262
5536
1131
2628
6022
9413
9043
5332
264
9354
8924
5822
5180
478
3380
7990
6952
4344
1919
6730
2740
9507
617
4538
4630
7408
7770
613
2284
2147
2484
4898
7683
9966
7525
56
9378
2919
1739
9642
2272
662
1815
3803
7491
5194
8144
794
5890
62
7523
4981
9568
4491
9519
4198
1898
3640
1162
534
5787
3645
5431
9821
9962
2955
6228
9340
5873
7966
5333
4497
4979
7147
4651
8821
2341
2795
9615
4582
9208
3489
9562
8776
7980
5432
9325
6229
9072
6838
6762
1210
482
8544
7382
443
1498
3609
6134
3723
7926
1466
8219
2904
8613
9221
8076
7305
2015
7690
8238
1223
7531
7799
6350
5510
3231
2026
8090
2302
8863
1204
9863
5696
9747
7244
2490
7597
852
8624
1319
8777
6441
5889
8032
1405
1461
6107
5061
9828
149
3298
7402
7679
1097
3751
9540
679
2128
3981
9332
990
5184
9194
3037
1283
6437
5526
5231
7288
501
6549
2416
6942
8789
6799
4698
249
9257
9759
76
5757
3056
3829
3435
504
7579
9326
1182
6058
3307
513
3399
4842
9706
6435
6124
6142
8313
1354
9781
5165
4254
8548
8458
9394
1698
3156
5995
7307
2914
2422
3063
2321
6251
2850
2825
181
2175
4006
6239
5481
4519
9637
323
576
2424
2798
6718
736
504
2850
5900
1109
7750
4358
503
9447
7513
6497
6753
6778
5270
9816
9098
1520
2665
1922
1701
1191
2280
7939
6672
6798
3927
3346
3725
6350
6143
6794
7085
2998
9644
9337
4107
7393
3694
4609
3191
7558
7457
9944
4335
2726
6111
3432
598
5127
1706
2298
6317
3985
6588
9340
7134
6866
2685
858
9568
5180
7652
6652
8177
3647
2340
8635
1039
2385
9595
4229
9942
3403
524
628
2481
6634
4060
3078
8112
2117
1727
4429
6101
4666
120
9586
1531
2805
443
1098
4336
4446
4102
8864
8092
2793
3851
5482
5178
3445
6063
5119
6848
6586
5747
9328
9572
6158
2405
4035
4626
483
4815
7078
5148
4935
6663
3030
4091
3457
480
8426
7903
4581
3641
2346
7373
7491
4180
8902
936
242
4021
4135
3179
6119
9814
2750
2276
8570
3137
3253
9052
7951
330
4199
2885
6992
3580
6975
6800
4059
1752
4702
4991
1745
3400
2364
9235
7579
1265
6522
4172
1637
7008
7350
7755
6821
6452
6382
5390
9588
9634
4441
7538
6315
4991
423
3306
8571
3749
106
8981
1853
1159
3972
3597
910
2687
9183
4840
303
2057
9011
1940
9064
6361
6046
5885
9164
8780
1274
8751
4765
2067
6288
1080
3409
3062
737
1979
3163
7194
7312
5015
4705
1283
4963
5614
3969
4145
6806
4271
6201
5816
2562
1617
8528
8608
7501
7691
3739
5126
2793
8503
3544
5433
5934
6953
8494
6671
5283
8008
216
2594
9374
4920
228
4336
6886
4196
4833
3691
8467
7385
5858
7380
9001
738
5987
2853
8428
6077
4331
1221
4580
7874
6653
6865
1178
1498
3535
2813
5858
103
1758
5231
5022
1986
5919
8259
6181
7103
8301
999
4487
4159
8379
3488
4896
717
2692
9675
6794
7022
7247
7725
1248
251
4589
8777
8101
4476
1589
3958
4578
3347
5540
5951
5332
7810
4210
7864
4912
2510
8863
9399
3020
7241
9238
4267
4309
1929
294
1102
5303
7540
5178
6550
7791
9767
5326
2243
4242
3267
2552
8819
6613
8091
4769
8296
2253
5330
6159
7164
4192
5021
2914
7211
8613
2151
1478
9274
432
1771
6727
5734
5662
1905
8635
9804
1671
312
2046
2264
3578
4597
7434
6542
9040
8554
1189
1292
3884
7348
8455
8075
8720
1369
1637
3685
9871
9466
2958
302
7588
9684
2387
3250
1588
7373
3053
9610
4037
1451
8225
3966
6047
2010
508
1438
564
8048
2729
799
5395
7536
5225
4115
8904
6861
7799
5126
6327
7108
1780
3914
6791
518
3515
4731
7891
6568
692
1927
4370
8917
5892
416
7278
2751
1854
7841
799
934
8639
2545
8469
215
3011
3724
7076
809
8850
9754
4268
629
3667
1059
7498
3534
2141
5388
101
2832
3666
822
8100
5910
1237
5378
8660
9442
9570
5810
6728
4561
8355
5196
4775
1365
8920
1850
8526
4121
1603
2793
1101
1622
203
8598
5155
2343
338
1607
1527
4003
8780
5978
9912
16
1355
4924
5810
925
7085
2537
5485
1791
4084
6611
3156
9355
8461
8033
3475
6415
7177
927
4388
3732
9525
5894
6074
9862
3852
3952
216
2631
9930
128
8999
1284
1403
1160
8560
8487
48
396
278
4131
7007
9785
3486
1819
4169
3312
8233
1345
4239
8973
5076
3763
4866
7502
9976
5070
1453
191
7700
1382
6670
3050
9018
4424
4209
3929
2911
4256
4325
9540
8387
7683
9324
8224
9501
9844
7887
4085
1188
2125
3057
2616
2239
4275
6469
2214
9344
7921
8757
3395
5655
1778
6445
1024
6202
653
4952
5464
1261
5628
5003
5999
3310
678
4222
2810
521
2108
6895
8060
585
6303
675
2823
577
7143
1389
6272
1416
6497
9667
3422
4626
2463
4445
827
3115
9396
6290
727
1376
7644
6725
4685
8321
7298
3847
5193
5758
7093
3253
6342
3395
279
5516
324
3774
3256
6595
5189
9752
2613
4962
4378
5075
9406
1556
4542
5153
4198
1620
6528
1841
8345
7565
6514
5642
1411
1706
1399
8503
1310
4092
1897
1589
9608
8572
5362
2863
5167
6902
8967
4131
1863
9696
5558
1268
1251
6451
2772
1800
8070
9300
9993
2766
6864
6506
8408
8274
4563
6158
3128
5873
250
5024
3813
9857
3596
9174
9071
5114
6075
8037
5596
7937
7732
7505
5556
5335
3955
8327
7134
8377
3978
7126
1142
7193
9983
9549
1818
898
5707
4945
3122
2308
6321
6934
2164
6268
6107
1234
1381
8533
5623
3328
6469
9706
833
8376
5040
1139
6702
8526
9515
7032
5651
7009
4224
1986
6557
6042
2883
8615
986
6004
922
7306
2937
9437
9925
5395
7023
7657
3927
2645
985
6747
2350
8169
5122
3742
9307
8175
2267
5174
5206
4269
2182
9430
2606
5090
1823
5488
57
9160
7843
7330
2818
7131
6767
2742
2525
141
399
2803
2785
1383
9549
1486
9551
1022
1579
5209
9197
3845
382
754
4466
8915
183
7071
4005
8357
8911
4061
7517
3105
1390
334
236
4508
3075
2760
4648
3473
1915
7432
1207
1463
5270
7109
8837
6848
2318
8033
7045
9051
5138
7862
7966
1673
1284
1970
29
6546
2382
7545
9651
3771
7878
9886
8279
7305
8997
9278
777
911
3062
8336
8726
8331
5444
7562
1530
4113
1946
4926
3164
7083
9139
7481
5107
423
9450
5136
6968
8183
2680
2970
8305
6910
2855
6583
4214
8204
2213
1342
9114
5274
9677
4191
3604
5121
8104
1485
9233
6401
2763
8748
3484
1901
6228
8590
2323
2029
77
5643
211
2757
8612
8516
6018
7819
1450
231
6022
3662
1572
1487
8935
1249
5678
8890
2721
3781
375
1953
182
3137
701
17
5037
6928
4958
3712
8957
1387
5706
5519
4143
669
4034
6512
8487
5484
6742
4508
5497
4665
2347
4432
5913
8024
3321
8633
8156
47
6938
4689
9535
7638
1057
924
917
2367
4635
6225
3753
6692
1744
7895
7360
5777
4406
5847
7612
7499
6706
3109
2163
9052
3892
4428
3427
7212
9412
7935
3611
6349
2623
3145
338
32
4068
1255
2398
5054
3831
6150
1745
5574
396
9105
7703
1153
1303
1666
8651
8008
4774
7165
3412
5017
1592
6838
8581
7356
1124
2191
3704
99
5335
394
130
5755
8000
2527
7160
1830
8676
8905
3756
5423
4361
1458
6575
5663
9475
1577
3670
601
8741
3433
5617
6685
6623
4197
4040
7746
6387
4095
7844
8074
840
7973
180
8839
6851
7339
669
1878
6243
776
7300
6955
8585
3874
2617
8059
5450
2639
8659
543
6071
4276
3579
9045
4824
3970
6791
1211
8064
986
5636
5256
5311
5815
4094
2161
9505
1114
4039
2100
1889
1338
9054
473
1564
1671
4884
3365
661
3542
3907
3083
4169
3837
2128
8993
7806
5270
6555
2222
6255
2190
7477
7917
4356
1570
78
3860
9036
468
5959
924
8157
5013
7749
9720
3035
2632
9437
47
6173
9695
3129
6694
3532
1608
5686
1337
6877
2240
9910
9484
4429
7386
7400
5136
5308
3829
8995
4343
4296
4954
1618
8805
6318
9366
4876
5704
8349
4312
5750
874
4007
8878
7567
7538
486
9604
5226
3714
1843
5136
3197
2623
8873
6949
7758
532
7129
6752
4874
1425
8057
2844
6581
726
8561
1456
6429
6910
5768
2178
4135
9774
1056
1701
3663
7893
1304
8888
7958
9498
375
1155
2120
9248
4455
6229
9779
1583
9332
1005
9359
3741
200
5939
4466
8760
3747
895
2021
9514
3072
6155
5639
479
4207
5653
8371
1862
4540
6329
1359
1267
3835
9830
6866
4641
2410
6644
6223
1742
4000
1934
5482
551
4224
9947
9311
7970
841
7683
7483
265
190
9473
743
4396
5125
5466
2610
6017
8146
3968
7283
8332
150
4148
2972
2559
7143
5546
652
7495
7479
6133
8045
1703
2432
3707
9672
9624
7742
3507
9888
7931
9331
631
8678
4456
6096
1287
6824
593
1607
4106
8924
8108
4605
1895
666
1747
3792
7670
9241
1271
3802
3638
9325
2585
7344
8996
2209
5085
8854
2096
9367
8185
9078
8045
8992
1525
5683
5815
2117
3641
6272
1040
1748
876
9286
8766
2622
3078
6435
8215
700
6588
1852
24
9173
5547
5371
7733
632
4225
9828
6350
8761
8906
4394
7752
6782
77
9918
8899
69
6189
6290
1817
7064
5576
582
6037
5005
3368
4251
5704
9955
2454
5727
5479
4353
1097
3211
1336
1673
3039
7685
6785
8296
2079
4536
1429
8507
805
327
8575
6993
6617
6743
408
8544
3676
6445
9900
7043
7047
5603
6998
9501
7681
8828
3853
5129
2039
5188
6802
1429
9224
